xpr 51 5
prof1	1	38045	1	3	8	24	1	1
prof2	2	36350	1	3	25	35	0	1
prof3	3	35350	1	3	13	22	0	1
prof4	4	33696	1	3	19	30	0	0
prof5	5	32850	1	3	13	31	0	0
prof6	6	31909	1	3	16	18	0	1
prof7	7	31850	1	3	13	30	0	0
prof8	8	31114	1	3	13	20	0	1
prof9	9	29342	1	3	7	15	0	1
prof10	10	28516	1	3	16	21	0	1
prof11	11	28200	1	3	10	23	0	1
prof12	12	27959	1	3	7	13	0	1
prof13	13	27025	1	3	12	22	0	1
prof14	14	26775	1	3	7	27	1	1
prof15	15	26182	1	2	3	7	0	0
prof16	16	25748	1	3	9	24	0	1
prof17	17	25500	1	3	5	16	1	1
prof18	18	25400	1	3	5	18	0	1
prof19	19	24900	1	3	0	32	1	0
prof20	20	24832	1	2	9	12	0	1
prof21	21	24800	1	2	11	14	0	1
prof22	22	24750	1	2	15	19	0	1
prof23	23	24742	1	2	11	14	0	0
prof24	24	24450	1	3	6	21	0	0
prof25	25	23725	1	2	3	17	0	0
prof26	26	23713	1	1	9	14	0	0
prof27	27	23712	1	2	9	27	0	0
prof28	28	23300	1	2	11	31	0	0
prof29	29	22906	1	2	10	15	0	0
prof30	30	22450	1	2	6	29	1	0
prof31	31	21600	1	1	10	15	1	0
prof32	32	20999	1	2	0	7	0	1
prof33	33	20850	1	2	1	9	0	1
prof34	34	20690	1	2	4	33	1	0
prof35	35	20525	1	2	8	31	0	0
prof36	36	20300	1	1	0	2	1	1
prof37	37	19175	1	1	16	23	0	0
prof38	38	18304	1	1	8	14	1	1
prof39	39	18075	1	1	3	4	0	1
prof40	40	18000	1	1	3	11	0	0
prof41	41	17600	1	1	4	4	0	1
prof42	42	17250	1	1	3	3	1	1
prof43	43	17095	1	1	4	4	0	1
prof44	44	16700	1	1	4	5	0	1
prof45	45	16686	1	1	1	1	1	1
prof46	46	16500	1	1	2	3	0	1
prof47	47	16244	1	1	1	1	0	1
prof48	48	16150	1	1	2	6	1	1
prof49	49	16094	1	1	2	1	0	1
prof50	50	15350	1	1	2	2	1	1
prof51	51	15000	1	1	1	1	1	1

