xhn 50 6									
Miami	1	15995	1	24.5	7.5	29.8	74	7	0
St_Louis	2	11655	1	21.8	8.4	14	55	8.5	0
San_Francisco	3	11587	1	13.7	6	10.2	57	1.6	1
"Worcester,MA"	4	10625	1	14.4	3.7	14.1	52	3	0
Los_Angeles	5	10526	1	16.4	7.9	2.8	66	2.2	1
Santa_Monica	6	10227	1	9.9	7	0.8	66	1.8	1
"Newark,NJ"	7	9554	1	32.8	5.9	41.7	54	2.3	1
"Hartford,CN"	8	8824	1	25.5	7.1	20	49	2.6	1
"Washington,DC"	9	7544	1	18.6	8.4	19.8	58	2	1
Detroit	10	6893	1	21.9	9.1	9.7	50	5.4	0
"Yonkers,NY"	11	6806	1	9.8	4.9	10.7	54	2.1	1
Chicago	12	6618	1	20.3	8.3	13	49	6	0
Seattle	13	6557	1	11.2	6.6	14.6	55	5.5	0
Las_Vegas	14	6011	1	10.5	8.9	14.2	59	9	0
Boston	15	5604	1	20.2	4.6	25.3	52	2.6	1
Richmond	16	5365	1	19.3	5.3	20.5	61	5.5	0
Dallas-FtW	17	5043	1	14.1	4.7	5.9	67	16	0
New_York	18	5024	1	20	7.4	21.5	55	2.2	1
Denver	19	4960	1	13.7	5	9	52	14	0
"Charleston,W.VA"	20	4762	1	12.6	10.7	22.9	56	5.9	0
Atlanta	21	4695	1	27.5	5	35.5	61	9	0
Fort_Wayne	22	4394	1	11	6.3	5	52	9.2	0
"Portland,OR"	23	4235	1	13	7.4	5	57	5.5	0
"Houston,TX"	24	3751	1	12.7	8.4	1.9	67	17	0
Salt_Lake_City	25	3182	1	14.2	6.3	6.5	57	14.5	0
San_Diego	26	3125	1	12.4	5.3	1.1	68	5.3	0
Little_Rock	27	2941	1	14.1	5.8	16.8	62	6.5	0
"Charleston,SC"	28	2899	1	14.1	4.4	30.6	63	9	0
"Albuquerque,NM"	29	2849	1	12.4	6.3	3.1	63	9.7	0
Tucson	30	2740	1	14.7	5.3	2.4	73	12	0
"Burlington,VT"	31	2703	1	11.3	3.4	9.1	45	6	0
New_Orleans	32	2671	1	26.4	11	25.2	67	18	0
Baltimore	33	2490	1	22.9	7	23.2	55	5.4	0
Cincinnati	34	2365	1	19.7	7.2	20.1	53	8.6	0
Tampa	35	2364	1	18.7	5	17.1	67	14.7	0
"Syracuse,NY"	36	2317	1	18.4	6.7	14.9	47	9.5	0
Pittsburgh	37	2233	1	16.5	9.4	24.5	54	5.8	0
Philadelphia	38	2187	1	20.6	7	14.3	55	4	0
Birmingham	39	2086	1	22	7.2	24.3	66	7.1	0
Louisville	40	1983	1	19.3	6.7	21.3	55	7.3	0
Grand_Rapids	41	1913	1	13.5	8.6	5.1	47	7.5	0
Milwaukee	42	1610	1	13.8	6.4	7.5	45	6	0
Minn/St.Paul	43	1603	1	12.4	4.5	17.9	42	6.1	0
Providence	44	1592	1	20.4	4.9	15.5	51	5	0
Cleveland	45	1463	1	22.1	12.4	22.5	50	6.5	0
Phoenix	46	1231	1	11.1	5.1	2.4	72	12.2	0
Kansas_City	47	903	1	13.2	4.6	6	55	7.2	0
"Charlotte,NC"	48	831	1	12.4	3.7	12.7	59	8.8	0
Lincoln	49	750	1	8.9	3.6	1.4	50	6.5	0
Rochester	50	617	1	17.5	7	10.4	48	9	0
