fat 218 14
man1	1	11089	1	0	0	0	0	0	0	0	0	0	0	0	0	0	0	
man2	2	10991	1	0	0	0	1	1	0	0	0	0	0	1	0	1	0	
man3	3	10983	1	1	0	0	0	0	0	0	0	1	1	1	0	0	0	
man4	4	10926	1	0	0	1	1	0	1	0	1	1	0	0	1	1	0	
man5	5	10911	1	1	0	1	1	0	0	1	1	1	1	1	1	0	0	
man6	6	10910	1	1	0	1	1	1	1	1	1	1	1	1	1	1	1	
man7	7	10906	1	0	0	1	0	0	1	0	1	0	0	1	0	0	0	
man8	8	10903	1	0	0	0	1	0	0	0	0	1	1	1	0	1	1	
man9	9	10900	1	0	0	1	1	1	1	0	1	1	0	1	1	1	0	
man10	10	10874	1	0	0	1	1	1	0	0	1	1	1	1	1	1	1	
man11	11	10873	1	0	0	1	1	1	1	0	0	1	1	1	1	1	1	
man12	12	10862	1	0	0	1	1	1	1	0	1	1	1	1	1	1	1	
man13	13	10854	1	1	0	1	0	1	1	1	1	1	0	0	1	0	0	
man14	14	10853	1	1	0	1	1	1	1	1	1	1	1	1	1	1	1	
man15	15	10848	1	1	0	1	0	1	1	1	1	1	1	1	1	1	0	
man16	16	10847	1	1	0	0	0	0	0	1	0	1	1	0	0	0	0	
man17	17	10841	1	1	0	1	1	1	1	1	1	1	1	1	1	1	0	
man18	18	10840	1	1	0	1	1	1	1	1	1	1	1	1	1	1	1	
man19	19	10830	1	0	0	1	0	1	1	0	1	1	1	1	1	1	1	
man20	20	10829	1	0	0	1	1	1	1	1	1	1	1	1	1	1	0	
man21	21	10819	1	0	0	1	0	1	1	1	1	1	0	0	1	1	1	
man22	22	10814	1	0	0	1	0	1	1	1	1	1	1	1	1	1	1	
man23	23	10812	1	0	0	0	0	0	0	0	0	0	0	0	0	0	0	
man24	24	10811	1	0	0	0	0	0	0	0	0	0	0	0	0	0	0	
man25	25	10807	1	0	0	0	0	0	0	0	0	0	0	1	0	0	0	
man26	26	10800	1	0	0	0	1	0	0	0	0	0	0	0	0	0	0	
man27	27	10796	1	0	0	0	0	0	0	0	0	0	0	0	0	0	0	
man28	28	10795	1	1	0	0	0	1	0	0	0	0	0	0	0	0	0	
man29	29	10794	1	0	0	0	0	0	0	0	0	0	0	0	0	0	0	
man30	30	10790	1	0	0	0	0	0	0	0	0	0	0	0	0	0	0	
man31	31	10788	1	0	0	0	1	0	0	0	1	0	1	0	0	0	0	
man32	32	10785	1	0	0	0	1	1	0	0	0	0	0	1	0	1	1	
man33	33	10776	1	1	0	1	1	1	1	1	1	1	1	1	1	1	1	
man34	34	10775	1	1	0	1	1	1	1	1	1	1	1	1	1	1	1	
man35	35	10771	1	1	0	1	0	1	1	1	1	1	1	0	1	1	1	
man36	36	10770	1	1	1	1	0	1	1	1	1	1	1	1	1	1	1	
man37	37	10763	1	1	1	1	1	1	1	1	1	1	1	1	1	1	1	
man38	38	10761	1	1	1	1	0	1	1	1	1	1	1	1	1	1	1	
man39	39	10758	1	1	1	1	0	1	1	1	1	1	1	1	1	1	1	
man40	40	10756	1	1	1	1	0	0	1	1	1	1	1	1	1	0	0	
man41	41	10754	1	1	1	1	0	0	1	1	1	1	1	1	1	1	1	
man42	42	10751	1	1	0	1	1	1	1	1	1	1	1	1	1	1	1	
man43	43	10745	1	0	0	0	0	0	0	0	0	0	0	0	0	0	0	
man44	44	10742	1	0	0	0	1	0	0	0	0	0	0	1	0	0	1	
man45	45	10740	1	0	0	0	1	0	0	0	0	0	0	0	0	0	0	
man46	46	10736	1	0	1	0	0	0	0	0	0	0	0	0	0	0	0	
man47	47	10730	1	0	1	0	0	0	0	0	0	0	0	0	0	0	0	
man48	48	10728	1	0	1	0	1	0	0	0	0	0	0	0	0	0	0	
man49	49	10726	1	0	0	0	0	0	0	0	0	0	0	0	0	0	0	
man50	50	10725	1	0	1	0	0	0	0	0	0	0	0	0	0	0	0	
man51	51	10722	1	0	1	0	1	0	0	0	0	0	0	0	1	0	1	
man52	52	10720	1	0	0	0	0	0	0	0	0	0	0	0	0	0	1	
man53	53	10719	1	1	1	1	1	1	1	1	1	0	0	0	1	1	1	
man54	54	10716	1	1	1	1	0	1	0	1	1	1	1	0	1	0	1	
man55	55	10713	1	1	1	1	0	1	1	1	1	1	1	0	1	1	1	
man56	56	10709	1	1	1	1	1	1	1	1	0	1	0	0	0	0	0	
man57	57	10708	1	1	1	1	0	1	1	1	1	1	0	1	1	1	1	
man58	58	10706	1	1	1	1	1	1	1	1	1	1	1	1	1	1	1	
man59	59	10705	1	1	1	1	0	0	1	1	1	1	0	0	1	1	1	
man60	60	10704	1	1	1	1	1	1	1	1	0	1	1	1	1	1	1	
man61	61	10703	1	1	1	1	0	1	1	1	1	1	1	1	1	1	1	
man62	62	10693	1	1	1	1	0	1	1	1	1	1	1	0	1	1	1	
man63	63	10690	1	1	1	0	1	0	0	0	0	0	0	0	0	0	0	
man64	64	10689	1	0	1	0	1	0	0	0	0	0	0	0	1	0	1	
man65	65	10680	1	0	1	0	0	0	0	0	0	0	0	0	1	0	0	
man66	66	10678	1	0	1	0	1	0	0	0	0	0	0	0	0	0	0	
man67	67	10674	1	0	1	0	0	1	0	0	0	0	0	0	0	0	1	
man68	68	10673	1	0	1	0	1	0	0	0	0	0	0	1	0	0	0	
man69	69	10671	1	0	1	0	0	0	0	0	0	0	0	0	0	0	0	
man70	70	10670	1	0	1	0	0	0	0	0	0	0	0	0	0	0	0	
man71	71	10668	1	0	1	0	0	0	0	0	0	0	0	0	0	0	1	
man72	72	10666	1	0	1	0	0	1	0	0	0	0	1	1	0	1	0	
man73	73	10665	1	1	1	0	1	0	0	1	0	0	0	0	0	0	1	
man74	74	10664	1	0	1	0	0	0	1	1	1	0	1	0	0	0	1	
man75	75	10653	1	1	1	0	0	1	0	1	0	0	0	1	0	0	1	
man76	76	10652	1	1	1	0	0	1	0	0	0	0	0	0	0	0	0	
man77	77	10650	1	0	1	1	1	1	1	1	1	0	1	1	1	1	1	
man78	78	10648	1	1	1	0	0	1	1	1	0	0	0	1	0	0	1	
man79	79	10647	1	1	1	0	0	0	0	0	0	0	0	1	1	0	0	
man80	80	10646	1	0	1	0	0	0	0	0	0	0	0	0	1	0	1	
man81	81	10644	1	1	1	0	0	0	1	0	0	0	1	1	0	0	0	
man82	82	10641	1	0	1	0	1	1	0	0	0	1	0	1	0	1	1	
man83	83	10640	1	0	1	0	1	0	0	0	0	1	1	1	0	1	1	
man84	84	10636	1	1	1	1	0	0	0	1	1	0	0	0	0	0	0	
man85	85	10631	1	0	1	1	0	1	1	1	1	0	1	1	0	0	1	
man86	86	10624	1	0	1	0	1	0	0	0	0	0	0	0	0	0	1	
man87	87	10623	1	1	1	1	1	1	1	1	1	0	1	1	1	1	1	
man88	88	10622	1	0	1	1	1	0	0	0	1	0	1	1	0	0	0	
man89	89	10620	1	0	1	1	1	1	1	1	1	1	1	1	1	1	1	
man90	90	10610	1	0	0	1	1	0	0	1	1	1	1	1	0	1	1	
man91	91	10607	1	1	1	1	1	1	1	1	1	0	1	0	1	1	1	
man92	92	10603	1	1	1	0	1	0	0	1	0	1	0	0	0	0	0	
man93	93	10601	1	1	1	1	1	1	1	1	1	1	1	1	0	1	1	
man94	94	10599	1	1	0	1	0	1	1	1	1	1	0	0	0	0	0	
man95	95	10594	1	0	0	0	0	0	0	0	0	0	1	1	0	1	1	
man96	96	10593	1	1	0	1	1	1	1	1	1	1	1	1	0	0	0	
man97	97	10590	1	0	1	1	1	1	1	1	1	0	1	1	1	1	1	
man98	98	10587	1	0	0	1	1	1	1	0	1	0	1	1	1	1	1	
man99	99	10584	1	1	0	0	0	0	0	0	0	1	0	0	1	0	0	
man100	100	10583	1	1	0	1	0	0	1	1	1	1	1	1	1	0	0	
man101	101	10582	1	1	1	1	0	1	0	1	0	1	0	1	1	1	1	
man102	102	10578	1	1	0	0	1	0	0	0	1	1	0	0	0	0	0	
man103	103	10575	1	1	1	0	1	1	1	1	0	1	0	0	0	0	0	
man104	104	10573	1	1	1	1	1	0	0	0	1	0	0	0	0	0	0	
man105	105	10571	1	0	1	1	1	1	0	0	0	0	1	1	1	1	1	
man106	106	10569	1	1	0	1	1	1	0	1	1	1	1	1	1	1	1	
man107	107	10568	1	0	1	1	1	1	1	0	1	0	1	1	0	0	0	
man108	108	10563	1	1	1	1	1	1	1	1	1	0	1	1	1	1	1	
man109	109	10561	1	1	1	1	1	1	0	1	1	0	1	1	1	1	1	
man110	110	10560	1	0	0	0	0	0	0	0	0	1	1	0	1	0	0	
man111	111	10551	1	0	1	0	0	0	0	0	0	0	0	0	0	0	0	
man112	112	10550	1	0	1	0	0	0	0	0	0	0	0	1	1	1	0	
man113	113	10549	1	0	1	0	0	0	1	0	1	1	0	0	1	1	0	
man114	114	10547	1	0	0	0	0	0	0	0	0	0	0	0	1	0	0	
man115	115	10543	1	1	0	1	1	1	1	1	1	1	1	0	1	1	0	
man116	116	10542	1	0	1	0	1	0	0	0	0	0	1	1	0	0	0	
man117	117	10538	1	1	0	0	1	0	0	0	0	1	0	1	0	0	0	
man118	118	10530	1	1	1	1	1	0	1	1	1	1	0	0	1	0	0	
man119	119	10529	1	1	1	0	0	0	1	0	0	0	0	0	1	1	0	
man120	120	10525	1	1	0	0	0	0	0	0	0	0	0	1	1	1	0	
man121	121	10524	1	1	1	1	0	0	1	1	1	0	0	0	0	0	0	
man122	122	10522	1	1	0	0	1	0	0	0	0	0	0	0	0	0	0	
man123	123	10521	1	1	1	1	1	1	1	1	1	1	1	1	1	1	1	
man124	124	10520	1	1	0	0	1	0	0	1	1	1	1	0	0	0	0	
man125	125	10515	1	1	1	0	0	0	1	0	0	0	0	0	0	0	0	
man126	126	10513	1	0	0	0	1	0	0	0	0	0	0	0	0	0	0	
man127	127	10512	1	0	0	1	1	1	0	0	1	1	0	1	0	1	1	
man128	128	10510	1	0	0	0	1	0	0	0	0	0	0	0	1	0	0	
man129	129	10506	1	0	0	1	1	1	1	1	1	1	1	1	1	1	1	
man130	130	10505	1	1	0	1	0	1	1	1	1	1	1	1	1	1	1	
man131	131	10503	1	0	0	0	1	0	0	0	0	0	0	0	0	0	0	
man132	132	10502	1	1	0	1	1	1	1	1	1	1	1	1	1	1	1	
man133	133	10500	1	1	0	1	1	1	1	1	1	1	1	1	1	1	1	
man134	134	10499	1	0	0	0	1	0	0	0	0	0	0	1	0	0	0	
man135	135	10498	1	0	0	0	0	0	0	0	0	0	0	0	0	0	0	
man136	136	10492	1	1	0	1	1	1	1	1	1	1	1	1	1	1	1	
man137	137	10491	1	0	0	0	1	0	0	0	0	0	0	0	1	0	0	
man138	138	10488	1	1	0	1	0	1	1	1	1	1	1	1	1	1	1	
man139	139	10486	1	0	0	1	1	0	0	0	1	1	0	1	0	0	1	
man140	140	10484	1	0	0	0	0	0	0	0	0	0	0	0	0	1	0	
man141	141	10483	1	0	0	1	1	1	1	1	1	1	1	1	0	1	1	
man142	142	10481	1	0	0	1	0	1	0	1	1	1	0	1	1	1	1	
man143	143	10480	1	0	0	0	1	0	0	0	0	0	0	0	0	0	0	
man144	144	10477	1	1	0	1	1	1	1	1	1	1	1	1	1	1	1	
man145	145	10473	1	1	0	0	0	1	0	0	0	0	0	0	0	0	0	
man146	146	10472	1	1	0	1	1	1	1	1	1	1	1	1	1	1	1	
man147	147	10470	1	1	0	1	0	1	1	1	1	1	1	1	1	1	1	
man148	148	10468	1	0	0	0	0	0	0	0	0	1	1	1	1	1	0	
man149	149	10462	1	0	0	0	0	0	0	0	0	0	0	0	0	0	0	
man150	150	10459	1	0	0	0	1	1	0	0	1	1	0	0	1	0	0	
man151	151	10453	1	1	0	1	1	1	1	1	1	1	1	1	1	0	1	
man152	152	10452	1	0	0	0	0	0	0	0	0	0	0	0	0	0	0	
man153	153	10439	1	0	0	0	0	0	0	0	0	1	0	0	0	0	0	
man154	154	10438	1	1	0	1	1	1	1	1	1	1	1	1	1	1	1	
man155	155	10435	1	1	0	1	0	1	1	1	1	1	1	1	1	1	0	
man156	156	10434	1	0	0	1	1	1	1	1	1	1	1	1	1	1	1	
man157	157	10433	1	1	0	1	1	1	1	1	1	1	1	1	1	1	1	
man158	158	10430	1	0	0	0	0	0	0	0	0	0	0	0	0	0	0	
man159	159	10429	1	0	0	0	0	0	0	0	0	0	0	0	0	0	0	
man160	160	10424	1	0	0	0	0	0	0	0	0	0	1	0	0	0	0	
man161	161	10422	1	0	0	0	1	1	0	0	0	0	1	0	1	1	0	
man162	162	10418	1	1	0	1	1	1	1	1	1	1	1	1	1	1	1	
man163	163	10416	1	1	0	1	1	1	1	1	1	1	1	1	1	1	1	
man164	164	10414	1	1	0	1	1	1	1	1	1	1	1	1	1	1	1	
man165	165	10412	1	1	0	1	1	1	1	1	1	1	1	1	1	1	1	
man166	166	10411	1	0	0	1	1	1	1	1	1	1	1	1	1	1	1	
man167	167	10404	1	1	0	1	1	1	1	1	1	1	1	1	1	1	1	
man168	168	10403	1	1	0	0	1	0	0	0	0	1	1	0	0	0	0	
man169	169	10399	1	1	0	0	0	0	0	0	0	0	1	1	0	0	0	
man170	170	10398	1	0	0	0	1	0	0	0	0	0	1	0	0	1	1	
man171	171	10396	1	1	0	0	0	0	1	0	0	0	1	1	1	0	1	
man172	172	10387	1	0	0	1	1	0	1	0	0	1	1	1	0	0	1	
man173	173	10386	1	1	0	0	0	0	0	0	0	0	0	0	0	0	0	
man174	174	10384	1	1	0	1	1	0	1	1	1	1	0	1	0	1	1	
man175	175	10382	1	1	1	1	0	1	1	1	1	1	1	0	1	1	0	
man176	176	10378	1	0	1	1	1	1	1	1	1	1	1	1	1	0	1	
man177	177	10377	1	1	1	0	0	1	1	1	1	0	0	0	1	1	0	
man178	178	10374	1	1	1	1	1	1	1	1	1	1	1	1	1	1	1	
man179	179	10373	1	0	1	0	1	0	0	0	0	0	0	0	0	0	0	
man180	180	10372	1	0	1	0	0	0	0	0	0	0	0	0	0	0	0	
man181	181	10370	1	1	1	1	1	1	1	1	1	1	1	1	1	1	1	
man182	182	10358	1	1	1	0	1	1	0	0	0	0	1	1	0	0	1	
man183	183	10356	1	0	1	1	1	1	1	1	1	1	1	1	1	1	1	
man184	184	10355	1	1	1	0	1	0	0	0	0	0	0	0	0	0	0	
man185	185	10346	1	1	1	1	0	1	1	1	1	1	0	1	1	1	1	
man186	186	10340	1	0	1	0	0	0	0	0	0	0	0	0	0	0	0	
man187	187	10334	1	1	1	1	1	1	1	1	1	1	1	1	1	1	1	
man188	188	10333	1	0	1	0	0	0	0	0	0	0	0	0	0	0	0	
man189	189	10328	1	0	1	0	1	1	0	1	0	0	0	1	0	1	1	
man190	190	10325	1	1	1	1	1	1	1	1	1	1	1	1	1	1	1	
man191	191	10322	1	0	1	0	0	0	0	0	0	1	1	1	0	0	0	
man192	192	10317	1	0	1	0	0	0	0	0	0	0	0	0	0	0	0	
man193	193	10316	1	0	1	1	0	1	1	1	0	0	0	0	1	1	1	
man194	194	10313	1	0	1	0	0	0	1	0	0	0	0	0	1	1	1	
man195	195	10308	1	1	1	1	1	1	1	1	1	1	1	1	1	1	1	
man196	196	10304	1	0	1	0	0	1	1	0	0	0	0	0	1	1	1	
man197	197	10298	1	0	1	0	0	0	0	1	0	0	1	1	1	1	1	
man198	198	10287	1	0	1	0	0	0	0	0	0	0	0	0	0	0	0	
man199	199	10283	1	0	1	1	1	1	1	1	1	1	1	0	0	1	1	
man200	200	10280	1	0	1	0	1	1	1	0	0	0	1	1	0	1	0	
man201	201	10279	1	1	1	0	0	0	0	1	1	0	0	0	0	0	0	
man202	202	10271	1	1	1	0	0	1	0	1	0	0	0	0	0	0	1	
man203	203	10269	1	0	1	0	0	1	1	1	0	0	0	0	0	0	1	
man204	204	10264	1	1	1	1	1	1	1	1	1	1	1	1	1	0	1	
man205	205	10263	1	1	1	1	0	1	1	1	1	1	1	0	1	1	1	
man206	206	10258	1	0	1	0	0	0	0	0	0	1	1	0	0	1	1	
man207	207	10256	1	1	1	1	0	1	1	1	1	1	0	1	1	1	1	
man208	208	10254	1	0	1	0	0	0	0	0	0	0	0	0	0	0	0	
man209	209	10250	1	1	1	1	0	1	1	1	1	1	1	1	1	1	1	
man210	210	10236	1	1	1	1	1	1	1	1	1	1	1	1	1	1	1	
man211	211	10217	1	1	1	1	0	1	1	1	1	0	1	1	0	1	1	
man212	212	10209	1	0	1	0	0	0	0	0	0	0	0	0	0	0	1	
man213	213	10207	1	1	1	1	1	1	1	1	1	1	1	0	1	1	1	
man214	214	10202	1	0	1	0	0	0	0	0	0	0	0	0	0	0	1	
man215	215	10180	1	1	1	1	0	1	1	1	1	1	1	1	1	0	1	
man216	216	10140	1	1	1	1	0	1	1	1	1	1	0	0	0	0	0	
man217	217	10101	1	1	1	1	1	1	1	1	0	0	1	0	0	1	1	
man218	218	9950	1	1	1	1	0	1	1	1	1	1	1	1	1	1	1	
