xln 58 4
county1	1	9917	1	75.73	35.43	0.05	0
county2	2	9667	1	71.41	21.37	0.05	0
county3	3	9000	1	82	7.89	0.03	1
county4	4	8500	1	69.05	46.18	0.22	1
county5	5	8250	1	72.25	20.37	0.05	1
county6	6	7750	1	59.42	49.86	0.13	0
county7	7	7500	1	65.94	22.1	0.09	0
county8	8	7250	1	77.06	13.59	0.05	0
county9	9	6500	1	51	50.5	0.24	0
county10	10	6250	1	69.88	31.48	0.07	0
county11	11	6125	1	69.42	6.63	0.04	1
county12	12	6033	1	58.83	45.46	0.16	0
county13	13	6000	1	48.46	27.4	0.12	0
county14	14	5875	1	57.54	14.98	0.11	1
county15	15	5750	1	69	31.23	0.08	0
county16	16	5667	1	62.52	15.89	0.05	0
county17	17	5600	1	46.2	31.62	0.26	0
county18	18	5250	1	83.9	5.44	0.04	0
county19	19	5214	1	53.95	42.54	0.25	0
county20	20	5179	1	56	14.25	0.15	1
county21	21	5150	1	58.71	7.4	0.04	1
county22	22	5083	1	65	13.24	0.08	1
county23	23	5000	1	50.32	21.36	0.19	1
county24	24	4975	1	59.48	35.9	0.32	0
county25	25	4917	1	65.74	7.71	0.02	1
county26	26	4875	1	59.88	32.99	0.21	0
county27	27	4867	1	44.56	16.7	0.15	1
county28	28	4850	1	51.19	7.59	0.13	1
county29	29	4025	1	41.77	4.53	0.08	1
county30	30	4000	1	20	40.18	0.56	0
county31	31	3917	1	48.5	6.82	0.08	1
county32	32	3750	1	21.89	43.7	0.36	0
county33	33	3650	1	20.64	23.81	0.24	0
county34	34	3500	1	46.85	5.42	0.08	1
county35	35	3433	1	36.28	5.85	0.1	1
county36	36	3250	1	31.55	23.47	0.19	1
county37	37	3156	1	38.68	14.55	0.17	1
county38	38	3100	1	26.09	28.5	0.21	1
county39	39	3067	1	40.41	4.29	0.1	1
county40	40	2800	1	40.6	3.27	0.02	1
county41	41	2625	1	38.33	2.83	0.04	1
county42	42	2580	1	23.62	28.89	0.24	1
county43	43	2500	1	31.84	5.54	0.12	1
county44	44	2450	1	54.17	5.57	0.06	1
county45	45	2250	1	17.17	24.16	0.36	0
county46	46	2167	1	24.64	11.46	0.21	1
county47	47	2078	1	34.46	4.2	0.03	1
county48	48	2000	1	22.29	18.51	0.2	1
county49	49	1975	1	26.94	2.48	0.1	1
county50	50	1933	1	21.73	6.58	0.06	0
county51	51	1900	1	26.94	8.28	0.1	1
county52	52	1838	1	15.5	17.25	0.24	0
county53	53	1625	1	18.92	29.62	0.72	0
county54	54	1600	1	17.09	33.34	0.66	0
county55	55	1200	1	12.42	8.69	0.41	0
county56	56	1150	1	12.36	11.13	0.12	0
county57	57	850	1	9	8.89	0.08	0
county58	58	500	1	6.17	13.68	0.18	0
