xch 395 3
fish1	1	90150	1	5	3478	61.67
fish2	2	85317	1	5	2980	56.25
fish3	3	85185	1	5	2237	54
fish4	4	79202	1	5	2735	78.66
fish5	5	78463	1	3	1925	38.36
fish6	6	78348	1	5	2329	55.52
fish7	7	78075	1	5	2753	53.41
fish8	8	74409	1	5	2298	60.61
fish9	9	68880	1	3	1474	32.16
fish10	10	68305	1	3	1724	38.51
fish11	11	68288	1	3	2318	31.19
fish12	12	67688	1	5	2474	65.3
fish13	13	66837	1	5	2278	51.61
fish14	14	66360	1	5	2060	52.14
fish15	15	64562	1	5	2745	62.31
fish16	16	64413	1	5	2734	55.88
fish17	17	64157	1	5	2725	63.75
fish18	18	63626	1	5	1685	46.36
fish19	19	62737	1	3	1677	40.49
fish20	20	62604	1	5	2626	55.91
fish21	21	61770	1	5	2053	47.92
fish22	22	61376	1	5	2983	57.84
fish23	23	61078	1	5	2234	63.2
fish24	24	60868	1	5	2300	73.93
fish25	25	60168	1	5	2095	60
fish26	26	59492	1	5	2935	79.5
fish27	27	59280	1	5	1936	56.84
fish28	28	59000	1	5	1366	40
fish29	29	58315	1	3	1488	39.44
fish30	30	57747	1	3	1361	40
fish31	31	57509	1	3	1310	39.3
fish32	32	57143	1	5	2145	52.5
fish33	33	57068	1	5	2367	60.97
fish34	34	56886	1	5	2304	55.56
fish35	35	56101	1	3	1825	33.33
fish36	36	55977	1	3	1432	36.09
fish37	37	55496	1	5	2800	46.67
fish38	38	54988	1	3	1514	35.1
fish39	39	54933	1	3	1098	32.4
fish40	40	54871	1	3	1423	45.9
fish41	41	54469	1	5	2184	56.18
fish42	42	54138	1	5	2053	44.32
fish43	43	53366	1	5	2010	62.4
fish44	44	53103	1	5	2703	72.5
fish45	45	53053	1	5	2943	95
fish46	46	52566	1	5	1812	65.63
fish47	47	52533	1	5	1698	49.55
fish48	48	52334	1	5	2009	60
fish49	49	52137	1	5	1690	56
fish50	50	51980	1	5	2113	60.42
fish51	51	51313	1	3	1423	41.71
fish52	52	51286	1	5	1716	66.47
fish53	53	51252	1	5	2286	61.67
fish54	54	51187	1	5	1984	57.43
fish55	55	50940	1	5	1652	51.04
fish56	56	50732	1	5	2017	62.86
fish57	57	50593	1	5	1388	48.92
fish58	58	50386	1	5	1836	71.25
fish59	59	50384	1	5	1915	58.75
fish60	60	50327	1	3	1756	47.88
fish61	61	50308	1	5	2548	92.63
fish62	62	50180	1	5	1770	55
fish63	63	50109	1	5	2247	78.33
fish64	64	49825	1	5	1867	51.38
fish65	65	49679	1	5	1982	62.4
fish66	66	49573	1	5	2016	58.71
fish67	67	49447	1	5	1680	47.93
fish68	68	49441	1	5	2183	76.86
fish69	69	49353	1	3	1774	46
fish70	70	49152	1	5	2500	80.77
fish71	71	48940	1	5	2000	58.44
fish72	72	47349	1	5	1753	58.08
fish73	73	47285	1	5	1622	61.33
fish74	74	46965	1	5	2862	93.7
fish75	75	46833	1	5	1091	41.21
fish76	76	46705	1	5	1537	57.81
fish77	77	46603	1	5	1629	51.07
fish78	78	46534	1	5	1758	59.09
fish79	79	46344	1	5	2668	87.39
fish80	80	46292	1	5	2074	58.33
fish81	81	46238	1	3	1569	31.36
fish82	82	46123	1	3	1030	30.78
fish83	83	45459	1	5	1224	45.31
fish84	84	45113	1	5	2181	67.83
fish85	85	44852	1	3	1599	40.8
fish86	86	44647	1	3	1244	40.31
fish87	87	44480	1	5	1270	50
fish88	88	44431	1	5	1553	54.24
fish89	89	44176	1	3	1329	37.58
fish90	90	43874	1	5	1278	43.53
fish91	91	43703	1	5	1887	72.08
fish92	92	43620	1	3	1171	46.09
fish93	93	43473	1	5	1745	82.35
fish94	94	43404	1	5	1207	50
fish95	95	43392	1	2	589	20.28
fish96	96	43180	1	5	1832	63.22
fish97	97	43055	1	3	957	45.76
fish98	98	43030	1	5	1324	54.85
fish99	99	42765	1	5	1296	51.21
fish100	100	42602	1	2	635	25
fish101	101	42596	1	5	1644	55.17
fish102	102	42102	1	5	1587	65.65
fish103	103	41970	1	3	1429	49.09
fish104	104	41743	1	3	1457	40
fish105	105	41697	1	5	1728	64.76
fish106	106	41523	1	3	1085	38.53
fish107	107	41491	1	5	1816	61.82
fish108	108	41227	1	3	1438	38.57
fish109	109	41154	1	5	1375	67.3
fish110	110	41058	1	5	1986	89.63
fish111	111	40977	1	5	2470	71.25
fish112	112	40968	1	3	1789	44.19
fish113	113	40927	1	5	1423	42.27
fish114	114	40797	1	3	1138	41.67
fish115	115	40579	1	5	1354	51.82
fish116	116	40535	1	2	728	20.43
fish117	117	40347	1	3	1344	37.18
fish118	118	39985	1	5	2709	71.54
fish119	119	39347	1	3	1491	42.19
fish120	120	39332	1	5	2145	81.74
fish121	121	39238	1	5	1184	56.22
fish122	122	38774	1	5	1662	61.11
fish123	123	38183	1	3	1203	44.52
fish124	124	38019	1	3	873	34.88
fish125	125	38013	1	3	772	28.14
fish126	126	37981	1	3	1344	37.91
fish127	127	37590	1	3	1074	40.97
fish128	128	37439	1	3	1004	40.33
fish129	129	37257	1	5	2573	94.21
fish130	130	37118	1	2	652	25.42
fish131	131	36934	1	5	1502	63.64
fish132	132	36613	1	3	1266	37.42
fish133	133	36564	1	2	521	25.32
fish134	134	36358	1	5	1252	59.68
fish135	135	36184	1	3	1437	49.74
fish136	136	36056	1	3	983	47.14
fish137	137	35908	1	5	1996	59.03
fish138	138	35892	1	5	1493	69.1
fish139	139	35256	1	5	1366	68.07
fish140	140	35237	1	3	834	43.42
fish141	141	35171	1	5	1460	73.08
fish142	142	35092	1	5	1609	57.86
fish143	143	34842	1	3	1338	41.61
fish144	144	34833	1	3	989	48.39
fish145	145	34799	1	5	1022	50
fish146	146	34781	1	3	1236	45.14
fish147	147	34622	1	5	1326	53.44
fish148	148	34522	1	5	1357	61.11
fish149	149	34415	1	3	840	44.17
fish150	150	34012	1	3	1377	50.57
fish151	151	33951	1	5	1637	67.14
fish152	152	33938	1	3	918	45.38
fish153	153	33761	1	3	1059	40.28
fish154	154	33653	1	5	1080	58.23
fish155	155	33625	1	5	1527	50.56
fish156	156	33557	1	5	1911	58.4
fish157	157	33268	1	5	1837	82.35
fish158	158	33200	1	5	976	50
fish159	159	33086	1	5	2639	78.28
fish160	160	33031	1	5	1411	50.77
fish161	161	33025	1	5	1250	67.5
fish162	162	32901	1	5	1143	51.67
fish163	163	32882	1	5	1273	69.05
fish164	164	32717	1	2	385	28.33
fish165	165	32538	1	3	1117	33.04
fish166	166	32507	1	2	598	28.61
fish167	167	32287	1	3	910	38.1
fish168	168	32199	1	3	1403	38.82
fish169	169	32069	1	5	1268	58
fish170	170	32045	1	5	1244	52.17
fish171	171	31417	1	5	1073	59.2
fish172	172	31169	1	3	1058	41.39
fish173	173	30841	1	5	1265	65.17
fish174	174	30330	1	3	1025	42.86
fish175	175	30221	1	3	702	56.25
fish176	176	30098	1	3	1009	39.53
fish177	177	29997	1	5	1047	68
fish178	178	29938	1	3	1108	43.75
fish179	179	29651	1	3	918	42.5
fish180	180	29612	1	2	478	27.69
fish181	181	29513	1	3	967	38.97
fish182	182	29366	1	5	1140	64.71
fish183	183	29365	1	5	1174	50.06
fish184	184	29363	1	3	743	41.2
fish185	185	29233	1	3	869	52
fish186	186	29204	1	3	955	44.67
fish187	187	29072	1	3	1244	41.28
fish188	188	29032	1	3	1007	34.44
fish189	189	29003	1	5	797	50
fish190	190	28914	1	3	1005	55
fish191	191	28629	1	5	1090	62.105
fish192	192	28216	1	5	989	60.6
fish193	193	28203	1	5	1271	66.67
fish194	194	28182	1	5	1122	55
fish195	195	27997	1	5	1010	57.7
fish196	196	27988	1	3	924	68.25
fish197	197	27924	1	3	1011	43.81
fish198	198	27884	1	5	1264	55.6
fish199	199	27857	1	3	876	70
fish200	200	27806	1	5	1246	69.41
fish201	201	27411	1	3	650	47.2
fish202	202	27400	1	2	548	25
fish203	203	27382	1	3	1105	63.91
fish204	204	27224	1	3	810	56.21
fish205	205	27139	1	5	915	61.54
fish206	206	27056	1	3	953	45
fish207	207	26835	1	3	1297	30.93
fish208	208	26717	1	5	968	62.5
fish209	209	26695	1	3	653	47.62
fish210	210	26669	1	3	886	45
fish211	211	26378	1	5	1032	75
fish212	212	25999	1	2	618	31.5
fish213	213	25981	1	3	817	45.81
fish214	214	25978	1	3	1003	38.5
fish215	215	25972	1	5	1180	67.39
fish216	216	25909	1	3	948	53.08
fish217	217	25779	1	3	946	46.94
fish218	218	25642	1	3	573	46.8
fish219	219	25401	1	3	662	42.12
fish220	220	25372	1	3	1021	45.33
fish221	221	25313	1	5	2043	86.92
fish222	222	25234	1	3	858	48.75
fish223	223	25204	1	5	929	55.56
fish224	224	25058	1	5	1010	65.45
fish225	225	25040	1	3	783	51.11
fish226	226	24886	1	5	1020	46.21
fish227	227	24850	1	3	835	41.85
fish228	228	24742	1	5	1113	66.67
fish229	229	24629	1	5	836	55.63
fish230	230	24528	1	5	1014	53
fish231	231	24387	1	3	702	66.67
fish232	232	24289	1	3	684	60.53
fish233	233	24264	1	5	839	54.4
fish234	234	24168	1	3	795	45.31
fish235	235	24128	1	3	594	49.74
fish236	236	23969	1	2	370	27.91
fish237	237	23819	1	3	863	61.72
fish238	238	23759	1	5	1033	58.93
fish239	239	23749	1	5	1100	80
fish240	240	23731	1	3	732	49.73
fish241	241	23576	1	3	800	60.65
fish242	242	23451	1	3	734	45.2
fish243	243	23302	1	3	733	50
fish244	244	23040	1	3	634	46.88
fish245	245	22957	1	3	721	30.71
fish246	246	22949	1	3	649	38.04
fish247	247	22858	1	2	358	24.02
fish248	248	22853	1	5	1264	63.45
fish249	249	22838	1	2	435	30.74
fish250	250	22829	1	5	758	51.25
fish251	251	22756	1	3	1272	32.95
fish252	252	22751	1	5	842	44.83
fish253	253	22731	1	5	852	62.96
fish254	254	22692	1	3	1039	44.06
fish255	255	22615	1	3	730	61.91
fish256	256	22515	1	3	884	43.53
fish257	257	22455	1	5	1908	86.84
fish258	258	22366	1	5	1035	51.85
fish259	259	22201	1	3	829	56.76
fish260	260	22012	1	2	318	29.75
fish261	261	21957	1	5	797	47.83
fish262	262	21662	1	3	759	62.79
fish263	263	21648	1	3	710	41.11
fish264	264	21420	1	5	667	59.29
fish265	265	21173	1	3	810	39.2
fish266	266	21121	1	2	305	30.4
fish267	267	20949	1	3	740	46.54
fish268	268	20903	1	2	374	24.4
fish269	269	20835	1	2	341	28.13
fish270	270	20764	1	3	726	52.5
fish271	271	20619	1	3	1382	48
fish272	272	20521	1	2	286	26.02
fish273	273	20438	1	5	804	61.15
fish274	274	20420	1	5	952	54.84
fish275	275	20276	1	3	443	36.74
fish276	276	20252	1	3	608	42.95
fish277	277	20142	1	3	714	39.02
fish278	278	19887	1	3	614	43.75
fish279	279	19867	1	3	823	68.97
fish280	280	19845	1	3	750	52.9
fish281	281	19794	1	3	664	51.03
fish282	282	19631	1	3	775	60.61
fish283	283	19607	1	2	290	23.46
fish284	284	19309	1	3	706	53.33
fish285	285	19144	1	2	267	28.57
fish286	286	19102	1	5	1015	53.13
fish287	287	19073	1	3	445	41.15
fish288	288	18944	1	3	426	42.76
fish289	289	18857	1	3	545	44.54
fish290	290	18723	1	2	308	27.56
fish291	291	18722	1	3	477	32.04
fish292	292	18698	1	2	252	29.41
fish293	293	18657	1	3	743	66.47
fish294	294	18620	1	2	257	26.86
fish295	295	18492	1	3	795	47.06
fish296	296	18438	1	2	235	25
fish297	297	18338	1	3	381	39.26
fish298	298	18156	1	3	797	44.33
fish299	299	17836	1	2	288	27.47
fish300	300	17775	1	3	489	51.2
fish301	301	17672	1	2	235	28.86
fish302	302	17539	1	2	254	25.32
fish303	303	17372	1	3	744	46.05
fish304	304	17183	1	2	286	35.5
fish305	305	16878	1	3	407	30.22
fish306	306	16863	1	3	556	65.22
fish307	307	16835	1	3	593	59.71
fish308	308	16654	1	2	270	24.14
fish309	309	16576	1	3	560	68.18
fish310	310	16383	1	3	547	71.43
fish311	311	16242	1	3	623	44.33
fish312	312	16023	1	3	601	51.18
fish313	313	15924	1	3	416	54
fish314	314	15892	1	3	356	40.27
fish315	315	15856	1	3	484	46.67
fish316	316	15736	1	3	530	66.67
fish317	317	15552	1	3	472	63.33
fish318	318	15489	1	3	488	49.23
fish319	319	15484	1	2	174	23.7
fish320	320	15470	1	3	683	56.9
fish321	321	15440	1	3	438	62.5
fish322	322	15411	1	3	430	45.42
fish323	323	15351	1	3	712	45.6
fish324	324	15270	1	3	682	53.7
fish325	325	15264	1	2	300	30.4
fish326	326	15055	1	3	558	44.17
fish327	327	15050	1	3	390	51.16
fish328	328	14725	1	3	445	42.78
fish329	329	14637	1	3	401	39.63
fish330	330	14624	1	3	635	88.89
fish331	331	14548	1	3	538	42.62
fish332	332	14485	1	2	193	26.21
fish333	333	14348	1	3	421	60.43
fish334	334	14342	1	3	490	73.9
fish335	335	14317	1	3	563	53.08
fish336	336	14182	1	2	228	28.21
fish337	337	14107	1	5	535	56
fish338	338	13937	1	3	476	50.94
fish339	339	13440	1	3	336	53.57
fish340	340	13385	1	2	302	32.73
fish341	341	13090	1	3	398	50.42
fish342	342	13072	1	3	380	52.12
fish343	343	12650	1	3	315	43.08
fish344	344	12601	1	3	369	50
fish345	345	12100	1	2	224	40.66
fish346	346	11961	1	2	147	27.58
fish347	347	11780	1	3	304	54.33
fish348	348	11632	1	2	212	24.07
fish349	349	11616	1	3	1101	57.14
fish350	350	11478	1	2	283	29.09
fish351	351	11419	1	3	557	49.03
fish352	352	11387	1	3	469	53.13
fish353	353	11378	1	3	547	51.85
fish354	354	11071	1	3	564	78.57
fish355	355	10969	1	2	167	35.56
fish356	356	10927	1	2	247	22.42
fish357	357	10239	1	2	172.2	23.25
fish358	358	10018	1	3	324	57.39
fish359	359	9875	1	2	275	51.65
fish360	360	9788	1	2	171	32.69
fish361	361	9783	1	2	191	36.19
fish362	362	9346	1	3	418	62.07
fish363	363	9313	1	3	356	54.76
fish364	364	9261	1	3	294	53.82
fish365	365	9030	1	3	341	66.67
fish366	366	8754	1	3	397	49.74
fish367	367	8685	1	2	195	27.75
fish368	368	8602	1	2	159	27.78
fish369	369	8391	1	2	187	35.48
fish370	370	8330	1	2	186.4	36.85
fish371	371	8134	1	2	173	29.88
fish372	372	8085	1	3	286	55.65
fish373	373	8053	1	3	280	47.19
fish374	374	7974	1	3	444	75.24
fish375	375	7964	1	3	277	54
fish376	376	7758	1	2	138	29
fish377	377	7453	1	2	182	52.33
fish378	378	7370	1	2	113	27.14
fish379	379	7058	1	2	118	37.4
fish380	380	6959	1	3	142	40.95
fish381	381	6898	1	3	177	47.39
fish382	382	6820	1	3	212	46.19
fish383	383	6617	1	3	228	52.89
fish384	384	6532	1	2	182	36.22
fish385	385	6197	1	2	177	47.28
fish386	386	6163	1	3	310	47.04
fish387	387	5875	1	2	155	41.02
fish388	388	5727	1	2	195	47.83
fish389	389	5689	1	2	144	45.17
fish390	390	5480	1	2	151	26.38
fish391	391	5201	1	2	165	25.06
fish392	392	4706	1	2	135	59.5
fish393	393	4524	1	2	111	49.7
fish394	394	3899	1	2	149	73.35
fish395	395	2793	1	2	110	50.84
						
