x2- 13 6
trial2	1	79	1	7	920	268	8804	86.5	7388
trial3	2	56	1	15	835	271	8108	85.2	5348
trial4	3	52	1	22	1000	237	6370	83.8	8056
trial5	4	23	1	37	990	202	5154	79.2	5690
trial6	5	20	1	29	1150	192	6441	82.1	6960
trial7	6	13	1	44	840	184	5896	81.2	6932
trial8	7	10	1	80	570	151	4825	78.7	3901
trial9	8	9	1	220	79	334	2777	71.9	2599
trial10	9	8	1	93	510	243	4320	72.3	4665
trial11	10	7	1	72	583	165	5012	79.3	4461
trial12	11	6	1	65	640	180	5041	78.4	3177
trial13	12	4	1	107	460	286	3969	74.4	4840
trial14	13	3	1	171	244	327	2964	72.5	3360
