chr 395 3
fish1	1	90150	1	1	1	1	
fish2	2	85317	1	1	1	1	
fish3	3	85185	1	1	1	1	
fish4	4	79202	1	1	1	1	
fish5	5	78463	1	1	1	0	
fish6	6	78348	1	1	1	1	
fish7	7	78075	1	1	1	1	
fish8	8	74409	1	1	1	1	
fish9	9	68880	1	1	1	0	
fish10	10	68305	1	1	1	0	
fish11	11	68288	1	1	1	0	
fish12	12	67688	1	1	1	1	
fish13	13	66837	1	1	1	1	
fish14	14	66360	1	1	1	1	
fish15	15	64562	1	1	1	1	
fish16	16	64413	1	1	1	1	
fish17	17	64157	1	1	1	1	
fish18	18	63626	1	1	1	0	
fish19	19	62737	1	1	1	0	
fish20	20	62604	1	1	1	1	
fish21	21	61770	1	1	1	0	
fish22	22	61376	1	1	1	1	
fish23	23	61078	1	1	1	1	
fish24	24	60868	1	1	1	1	
fish25	25	60168	1	1	1	1	
fish26	26	59492	1	1	1	1	
fish27	27	59280	1	1	1	1	
fish28	28	59000	1	1	1	0	
fish29	29	58315	1	1	1	0	
fish30	30	57747	1	1	1	0	
fish31	31	57509	1	1	1	0	
fish32	32	57143	1	1	1	1	
fish33	33	57068	1	1	1	1	
fish34	34	56886	1	1	1	1	
fish35	35	56101	1	1	1	0	
fish36	36	55977	1	1	1	0	
fish37	37	55496	1	1	1	0	
fish38	38	54988	1	1	1	0	
fish39	39	54933	1	1	1	0	
fish40	40	54871	1	1	1	0	
fish41	41	54469	1	1	1	1	
fish42	42	54138	1	1	1	0	
fish43	43	53366	1	1	1	1	
fish44	44	53103	1	1	1	1	
fish45	45	53053	1	1	1	1	
fish46	46	52566	1	1	1	1	
fish47	47	52533	1	1	1	0	
fish48	48	52334	1	1	1	1	
fish49	49	52137	1	1	1	1	
fish50	50	51980	1	1	1	1	
fish51	51	51313	1	1	1	0	
fish52	52	51286	1	1	1	1	
fish53	53	51252	1	1	1	1	
fish54	54	51187	1	1	1	1	
fish55	55	50940	1	1	1	1	
fish56	56	50732	1	1	1	1	
fish57	57	50593	1	1	1	0	
fish58	58	50386	1	1	1	1	
fish59	59	50384	1	1	1	1	
fish60	60	50327	1	1	1	0	
fish61	61	50308	1	1	1	1	
fish62	62	50180	1	1	1	1	
fish63	63	50109	1	1	1	1	
fish64	64	49825	1	1	1	1	
fish65	65	49679	1	1	1	1	
fish66	66	49573	1	1	1	1	
fish67	67	49447	1	1	1	0	
fish68	68	49441	1	1	1	1	
fish69	69	49353	1	1	1	0	
fish70	70	49152	1	1	1	1	
fish71	71	48940	1	1	1	1	
fish72	72	47349	1	1	1	1	
fish73	73	47285	1	1	1	1	
fish74	74	46965	1	1	1	1	
fish75	75	46833	1	1	1	0	
fish76	76	46705	1	1	1	1	
fish77	77	46603	1	1	1	1	
fish78	78	46534	1	1	1	1	
fish79	79	46344	1	1	1	1	
fish80	80	46292	1	1	1	1	
fish81	81	46238	1	1	1	0	
fish82	82	46123	1	1	1	0	
fish83	83	45459	1	1	1	0	
fish84	84	45113	1	1	1	1	
fish85	85	44852	1	1	1	0	
fish86	86	44647	1	1	1	0	
fish87	87	44480	1	1	1	1	
fish88	88	44431	1	1	1	1	
fish89	89	44176	1	1	1	0	
fish90	90	43874	1	1	1	0	
fish91	91	43703	1	1	1	1	
fish92	92	43620	1	1	1	0	
fish93	93	43473	1	1	1	1	
fish94	94	43404	1	1	1	1	
fish95	95	43392	1	0	0	0	
fish96	96	43180	1	1	1	1	
fish97	97	43055	1	1	0	0	
fish98	98	43030	1	1	1	1	
fish99	99	42765	1	1	1	1	
fish100	100	42602	1	0	0	0	
fish101	101	42596	1	1	1	1	
fish102	102	42102	1	1	1	1	
fish103	103	41970	1	1	1	0	
fish104	104	41743	1	1	1	0	
fish105	105	41697	1	1	1	1	
fish106	106	41523	1	1	1	0	
fish107	107	41491	1	1	1	1	
fish108	108	41227	1	1	1	0	
fish109	109	41154	1	1	1	1	
fish110	110	41058	1	1	1	1	
fish111	111	40977	1	1	1	1	
fish112	112	40968	1	1	1	0	
fish113	113	40927	1	1	1	0	
fish114	114	40797	1	1	1	0	
fish115	115	40579	1	1	1	1	
fish116	116	40535	1	0	0	0	
fish117	117	40347	1	1	1	0	
fish118	118	39985	1	1	1	1	
fish119	119	39347	1	1	1	0	
fish120	120	39332	1	1	1	1	
fish121	121	39238	1	1	1	1	
fish122	122	38774	1	1	1	1	
fish123	123	38183	1	1	1	0	
fish124	124	38019	1	1	0	0	
fish125	125	38013	1	1	0	0	
fish126	126	37981	1	1	1	0	
fish127	127	37590	1	1	1	0	
fish128	128	37439	1	1	1	0	
fish129	129	37257	1	1	1	1	
fish130	130	37118	1	0	0	0	
fish131	131	36934	1	1	1	1	
fish132	132	36613	1	1	1	0	
fish133	133	36564	1	0	0	0	
fish134	134	36358	1	1	1	1	
fish135	135	36184	1	1	1	0	
fish136	136	36056	1	1	1	0	
fish137	137	35908	1	1	1	1	
fish138	138	35892	1	1	1	1	
fish139	139	35256	1	1	1	1	
fish140	140	35237	1	1	0	0	
fish141	141	35171	1	1	1	1	
fish142	142	35092	1	1	1	1	
fish143	143	34842	1	1	1	0	
fish144	144	34833	1	1	1	0	
fish145	145	34799	1	1	1	1	
fish146	146	34781	1	1	1	0	
fish147	147	34622	1	1	1	1	
fish148	148	34522	1	1	1	1	
fish149	149	34415	1	1	0	0	
fish150	150	34012	1	1	1	1	
fish151	151	33951	1	1	1	1	
fish152	152	33938	1	1	0	0	
fish153	153	33761	1	1	1	0	
fish154	154	33653	1	1	1	1	
fish155	155	33625	1	1	1	1	
fish156	156	33557	1	1	1	1	
fish157	157	33268	1	1	1	1	
fish158	158	33200	1	1	1	1	
fish159	159	33086	1	1	1	1	
fish160	160	33031	1	1	1	1	
fish161	161	33025	1	1	1	1	
fish162	162	32901	1	1	1	1	
fish163	163	32882	1	1	1	1	
fish164	164	32717	1	0	0	0	
fish165	165	32538	1	1	1	0	
fish166	166	32507	1	0	0	0	
fish167	167	32287	1	1	0	0	
fish168	168	32199	1	1	1	0	
fish169	169	32069	1	1	1	1	
fish170	170	32045	1	1	1	1	
fish171	171	31417	1	1	1	1	
fish172	172	31169	1	1	1	0	
fish173	173	30841	1	1	1	1	
fish174	174	30330	1	1	1	0	
fish175	175	30221	1	1	0	1	
fish176	176	30098	1	1	1	0	
fish177	177	29997	1	1	1	1	
fish178	178	29938	1	1	1	0	
fish179	179	29651	1	1	0	0	
fish180	180	29612	1	0	0	0	
fish181	181	29513	1	1	0	0	
fish182	182	29366	1	1	1	1	
fish183	183	29365	1	1	1	1	
fish184	184	29363	1	1	0	0	
fish185	185	29233	1	1	0	1	
fish186	186	29204	1	1	0	0	
fish187	187	29072	1	1	1	0	
fish188	188	29032	1	1	1	0	
fish189	189	29003	1	1	0	1	
fish190	190	28914	1	1	1	1	
fish191	191	28629	1	1	1	1	
fish192	192	28216	1	1	1	1	
fish193	193	28203	1	1	1	1	
fish194	194	28182	1	1	1	1	
fish195	195	27997	1	1	1	1	
fish196	196	27988	1	1	0	1	
fish197	197	27924	1	1	1	0	
fish198	198	27884	1	1	1	1	
fish199	199	27857	1	1	0	1	
fish200	200	27806	1	1	1	1	
fish201	201	27411	1	1	0	0	
fish202	202	27400	1	0	0	0	
fish203	203	27382	1	1	1	1	
fish204	204	27224	1	1	0	1	
fish205	205	27139	1	1	0	1	
fish206	206	27056	1	1	0	0	
fish207	207	26835	1	1	1	0	
fish208	208	26717	1	1	1	1	
fish209	209	26695	1	1	0	0	
fish210	210	26669	1	1	0	0	
fish211	211	26378	1	1	1	1	
fish212	212	25999	1	0	0	0	
fish213	213	25981	1	1	0	0	
fish214	214	25978	1	1	1	0	
fish215	215	25972	1	1	1	1	
fish216	216	25909	1	1	0	1	
fish217	217	25779	1	1	0	0	
fish218	218	25642	1	1	0	0	
fish219	219	25401	1	1	0	0	
fish220	220	25372	1	1	1	0	
fish221	221	25313	1	1	1	1	
fish222	222	25234	1	1	0	0	
fish223	223	25204	1	1	0	1	
fish224	224	25058	1	1	1	1	
fish225	225	25040	1	1	0	1	
fish226	226	24886	1	1	1	0	
fish227	227	24850	1	1	0	0	
fish228	228	24742	1	1	1	1	
fish229	229	24629	1	1	0	1	
fish230	230	24528	1	1	1	1	
fish231	231	24387	1	1	0	1	
fish232	232	24289	1	1	0	1	
fish233	233	24264	1	1	0	1	
fish234	234	24168	1	1	0	0	
fish235	235	24128	1	1	0	0	
fish236	236	23969	1	0	0	0	
fish237	237	23819	1	1	0	1	
fish238	238	23759	1	1	1	1	
fish239	239	23749	1	1	1	1	
fish240	240	23731	1	1	0	0	
fish241	241	23576	1	1	0	1	
fish242	242	23451	1	1	0	0	
fish243	243	23302	1	1	0	1	
fish244	244	23040	1	1	0	0	
fish245	245	22957	1	1	0	0	
fish246	246	22949	1	1	0	0	
fish247	247	22858	1	0	0	0	
fish248	248	22853	1	1	1	1	
fish249	249	22838	1	0	0	0	
fish250	250	22829	1	1	0	1	
fish251	251	22756	1	1	1	0	
fish252	252	22751	1	1	0	0	
fish253	253	22731	1	1	0	1	
fish254	254	22692	1	1	1	0	
fish255	255	22615	1	1	0	1	
fish256	256	22515	1	1	0	0	
fish257	257	22455	1	1	1	1	
fish258	258	22366	1	1	1	1	
fish259	259	22201	1	1	0	1	
fish260	260	22012	1	0	0	0	
fish261	261	21957	1	1	0	0	
fish262	262	21662	1	1	0	1	
fish263	263	21648	1	1	0	0	
fish264	264	21420	1	1	0	1	
fish265	265	21173	1	1	0	0	
fish266	266	21121	1	0	0	0	
fish267	267	20949	1	1	0	0	
fish268	268	20903	1	0	0	0	
fish269	269	20835	1	0	0	0	
fish270	270	20764	1	1	0	1	
fish271	271	20619	1	1	1	0	
fish272	272	20521	1	0	0	0	
fish273	273	20438	1	1	0	1	
fish274	274	20420	1	1	0	1	
fish275	275	20276	1	1	0	0	
fish276	276	20252	1	1	0	0	
fish277	277	20142	1	1	0	0	
fish278	278	19887	1	1	0	0	
fish279	279	19867	1	1	0	1	
fish280	280	19845	1	1	0	1	
fish281	281	19794	1	1	0	1	
fish282	282	19631	1	1	0	1	
fish283	283	19607	1	0	0	0	
fish284	284	19309	1	1	0	1	
fish285	285	19144	1	0	0	0	
fish286	286	19102	1	1	1	1	
fish287	287	19073	1	1	0	0	
fish288	288	18944	1	1	0	0	
fish289	289	18857	1	1	0	0	
fish290	290	18723	1	0	0	0	
fish291	291	18722	1	1	0	0	
fish292	292	18698	1	0	0	0	
fish293	293	18657	1	1	0	1	
fish294	294	18620	1	0	0	0	
fish295	295	18492	1	1	0	0	
fish296	296	18438	1	0	0	0	
fish297	297	18338	1	1	0	0	
fish298	298	18156	1	1	0	0	
fish299	299	17836	1	0	0	0	
fish300	300	17775	1	1	0	1	
fish301	301	17672	1	0	0	0	
fish302	302	17539	1	0	0	0	
fish303	303	17372	1	1	0	0	
fish304	304	17183	1	0	0	0	
fish305	305	16878	1	1	0	0	
fish306	306	16863	1	1	0	1	
fish307	307	16835	1	1	0	1	
fish308	308	16654	1	0	0	0	
fish309	309	16576	1	1	0	1	
fish310	310	16383	1	1	0	1	
fish311	311	16242	1	1	0	0	
fish312	312	16023	1	1	0	1	
fish313	313	15924	1	1	0	1	
fish314	314	15892	1	1	0	0	
fish315	315	15856	1	1	0	0	
fish316	316	15736	1	1	0	1	
fish317	317	15552	1	1	0	1	
fish318	318	15489	1	1	0	0	
fish319	319	15484	1	0	0	0	
fish320	320	15470	1	1	0	1	
fish321	321	15440	1	1	0	1	
fish322	322	15411	1	1	0	0	
fish323	323	15351	1	1	0	0	
fish324	324	15270	1	1	0	1	
fish325	325	15264	1	0	0	0	
fish326	326	15055	1	1	0	0	
fish327	327	15050	1	1	0	1	
fish328	328	14725	1	1	0	0	
fish329	329	14637	1	1	0	0	
fish330	330	14624	1	1	0	1	
fish331	331	14548	1	1	0	0	
fish332	332	14485	1	0	0	0	
fish333	333	14348	1	1	0	1	
fish334	334	14342	1	1	0	1	
fish335	335	14317	1	1	0	1	
fish336	336	14182	1	0	0	0	
fish337	337	14107	1	1	0	1	
fish338	338	13937	1	1	0	1	
fish339	339	13440	1	1	0	1	
fish340	340	13385	1	0	0	0	
fish341	341	13090	1	1	0	1	
fish342	342	13072	1	1	0	1	
fish343	343	12650	1	1	0	0	
fish344	344	12601	1	1	0	1	
fish345	345	12100	1	0	0	0	
fish346	346	11961	1	0	0	0	
fish347	347	11780	1	1	0	1	
fish348	348	11632	1	0	0	0	
fish349	349	11616	1	1	1	1	
fish350	350	11478	1	0	0	0	
fish351	351	11419	1	1	0	0	
fish352	352	11387	1	1	0	1	
fish353	353	11378	1	1	0	1	
fish354	354	11071	1	1	0	1	
fish355	355	10969	1	0	0	0	
fish356	356	10927	1	0	0	0	
fish357	357	10239	1	0	0	0	
fish358	358	10018	1	1	0	1	
fish359	359	9875	1	0	0	1	
fish360	360	9788	1	0	0	0	
fish361	361	9783	1	0	0	0	
fish362	362	9346	1	1	0	1	
fish363	363	9313	1	1	0	1	
fish364	364	9261	1	1	0	1	
fish365	365	9030	1	1	0	1	
fish366	366	8754	1	1	0	0	
fish367	367	8685	1	0	0	0	
fish368	368	8602	1	0	0	0	
fish369	369	8391	1	0	0	0	
fish370	370	8330	1	0	0	0	
fish371	371	8134	1	0	0	0	
fish372	372	8085	1	1	0	1	
fish373	373	8053	1	1	0	0	
fish374	374	7974	1	1	0	1	
fish375	375	7964	1	1	0	1	
fish376	376	7758	1	0	0	0	
fish377	377	7453	1	0	0	1	
fish378	378	7370	1	0	0	0	
fish379	379	7058	1	0	0	0	
fish380	380	6959	1	1	0	0	
fish381	381	6898	1	1	0	0	
fish382	382	6820	1	1	0	0	
fish383	383	6617	1	1	0	1	
fish384	384	6532	1	0	0	0	
fish385	385	6197	1	0	0	0	
fish386	386	6163	1	1	0	0	
fish387	387	5875	1	0	0	0	
fish388	388	5727	1	0	0	0	
fish389	389	5689	1	0	0	0	
fish390	390	5480	1	0	0	0	
fish391	391	5201	1	0	0	0	
fish392	392	4706	1	0	0	1	
fish393	393	4524	1	0	0	0	
fish394	394	3899	1	0	0	1	
fish395	395	2793	1	0	0	1	
