xpo 20  15
place1	1	1071	1	43	35	77	7.6	3.44	9.6	84.6	6441	24.4	43.7	14.3	43	38	206	55	
place2	2	1030	1	53	45	80	7.7	3.45	10.2	66.8	3325	38.5	43.1	25.5	30	32	72	54	
place3	3	1025	1	33	26	76	8.6	3.2	10.9	83.4	6122	16.3	44.9	10.7	88	63	278	58	
place4	4	1018	1	52	42	79	7.7	3.39	9.6	69.2	2302	22.2	41.3	24.2	18	8	27	56
place5	5	1002	1	36	24	70	9	3.31	10.5	83.2	6582	8.1	42.5	12.6	18	12	37	61	
place6	6	998	1	35	23	72	11.1	3.14	11	78.8	4281	3.5	50.7	14.4	8	10	39	57	
place7	7	986	1	35	28	71	8.8	3.29	11.1	86.3	3042	14.7	44.6	11.4	31	21	64	60	
place8	8	982	1	47	45	79	6.5	3.41	11.1	77.5	3125	27.1	50.2	20.6	18	8	24	56	
place9	9	970	1	40	34	77	9.2	3.21	10.2	77	4101	13	45.7	15.1	26	26	146	57	
place10	10	962	1	44	29	74	10.4	3.21	9.8	81.6	4260	0.8	39.4	12.4	6	6	33	54
place11	11	959	1	31	27	74	7.2	3.44	10.8	87	4834	15.8	43.5	13.6	52	35	124	59	
place12	12	958	1	37	31	75	8	3.26	11.9	78.4	4259	13.1	49.6	13.9	23	9	15	58	
place13	13	941	1	30	24	72	6.5	3.53	10.8	79.5	3694	13.1	33.8	12.4	11	4	11	61	
place14	14	936	1	36	30	75	7.5	3.35	11.4	81.9	4029	12.4	44	12	6	4	16	58	
place15	15	935	1	43	30	74	10.9	3.23	12.1	83.9	4679	3.5	49.2	11.3	21	32	62	56
place16	16	922	1	36	27	71	8.1	3.34	11.4	81.5	3243	8.8	42.6	11.7	21	15	59	59	
place17	17	912	1	36	27	72	9.5	3.36	10.7	79.3	4213	6.7	41	13.2	12	7	20	59
place18	18	900	1	45	30	73	9.3	3.29	10.6	86	2140	5.3	40.4	10.5	6	4	4	56	
place19	19	872	1	15	30	73	8.2	3.15	12.2	84.2	4824	4.7	53.1	12.7	17	8	28	38
place20	20	860	1	35	46	85	7.1	3.22	11.8	79.9	1441	14.8	51.2	16.1	1	1	1	54

