xfa 218 14 
man1	1	11089	1	12.3	23	154.25	67.75	36.2	93.1	85.2	94.5	59	37.3	21.9	32	27.4	17.1
man2	2	10991	1	6.1	22	173.25	72.25	38.5	93.6	83	98.7	58.7	37.3	23.4	30.5	28.9	18.2
man3	3	10983	1	25.3	22	154	66.25	34	95.8	87.9	99.2	59.6	38.9	24	28.8	25.2	16.6
man4	4	10926	1	10.4	26	184.75	72.25	37.4	101.8	86.4	101.2	60.1	37.3	22.8	32.4	29.4	18.2
man5	5	10911	1	28.7	24	184.25	71.25	34.4	97.3	100	101.9	63.2	42.2	24	32.2	27.7	17.7
man6	6	10910	1	20.9	24	210.25	74.75	39	104.5	94.4	107.8	66	42	25.6	35.7	30.6	18.8
man7	7	10906	1	19.2	26	181	69.75	36.4	105.1	90.7	100.3	58.4	38.3	22.9	31.9	27.8	17.7
man8	8	10903	1	12.4	25	176	72.5	37.8	99.6	88.5	97.1	60	39.4	23.2	30.5	29	18.8
man9	9	10900	1	4.1	25	191	74	38.1	100.9	82.5	99.9	62.9	38.3	23.8	35.9	31.1	18.2
man10	10	10874	1	11.7	23	198.25	73.5	42.1	99.6	88.6	104.1	63.1	41.7	25	35.6	30	19.2
man11	11	10873	1	7.1	26	186.25	74.5	38.5	101.5	83.6	98.2	59.7	39.7	25.2	32.8	29.4	18.5
man12	12	10862	1	7.8	27	216	76	39.4	103.6	90.9	107.7	66.2	39.2	25.9	37.2	30.2	19
man13	13	10854	1	20.8	32	180.5	69.5	38.4	102	91.6	103.9	63.4	38.3	21.5	32.5	28.6	17.7
man14	14	10853	1	21.2	30	205.25	71.25	39.4	104.1	101.8	108.6	66	41.5	23.7	36.9	31.6	18.8
man15	15	10848	1	22.1	35	187.75	69.5	40.5	101.3	96.4	100.1	69	39	23.1	36.1	30.5	18.2
man16	16	10847	1	20.9	35	162.75	66	36.4	99.1	92.8	99.2	63.1	38.7	21.7	31.1	26.4	16.9
man17	17	10841	1	29	34	195.75	71	38.9	101.9	96.4	105.2	64.8	40.8	23.1	36.2	30.8	17.3
man18	18	10840	1	22.9	32	209.25	71	42.1	107.6	97.5	107	66.9	40	24.4	38.2	31.6	19.3
man19	19	10830	1	16	28	183.75	67.75	38	106.8	89.6	102.4	64.2	38.7	22.9	37.2	30.5	18.5
man20	20	10829	1	16.5	33	211.75	73.5	40	106.2	100.5	109	65.8	40.6	24	37.1	30.1	18.2
man21	21	10819	1	19.1	28	179	68	39.1	103.3	95.9	104.9	63.5	38	22.1	32.5	30.3	18.4
man22	22	10814	1	15.2	28	200.5	69.75	41.3	111.4	98.8	104.8	63.4	40.6	24.6	33	32.8	19.9
man23	23	10812	1	15.6	31	140.25	68.25	33.9	86	76.4	94.6	57.4	35.3	22.2	27.9	25.9	16.7
man24	24	10811	1	17.7	32	148.75	70	35.5	86.7	80	93.4	54.9	36.2	22.1	29.8	26.7	17.1
man25	25	10807	1	14	28	151.25	67.75	34.5	90.2	76.3	95.8	58.4	35.5	22.9	31.1	28	17.6
man26	26	10800	1	3.7	27	159.25	71.5	35.7	89.6	79.7	96.5	55	36.7	22.5	29.9	28.2	17.7
man27	27	10796	1	7.9	34	131.5	67.5	36.2	88.6	74.6	85.3	51.7	34.7	21.4	28.7	27	16.5
man28	28	10795	1	22.9	31	148	67.5	38.8	97.4	88.7	94.7	57.5	36	21	29.2	26.6	17
man29	29	10794	1	3.7	27	133.25	64.75	36.4	93.5	73.9	88.5	50.1	34.5	21.3	30.5	27.9	17.2
man30	30	10790	1	8.8	29	160.75	69	36.7	97.4	83.5	98.7	58.9	35.3	22.6	30.1	26.7	17.6
man31	31	10788	1	5.7	29	160.25	71.25	37.3	93.5	84.5	100.6	58.5	38.8	21.5	30.1	26.4	17.9
man32	32	10785	1	11.8	27	168	71.25	38.1	93	79.1	94.5	57.3	36.2	24.5	29	30	18.8
man33	33	10776	1	21.3	41	218.5	71	39.8	111.7	100.5	108.3	67.1	44.2	25.2	37.5	31.5	18.7
man34	34	10775	1	32.3	41	247.25	73.5	42.1	117	115.6	116.1	71.2	43.3	26.3	37.3	31.7	19.7
man35	35	10771	1	24.2	40	202.25	70	38.5	106.5	100.9	106.2	63.5	39.9	22.6	35.1	30.6	19
man36	36	10770	1	28.4	50	196.75	68.25	42.1	105.6	98.8	104.8	66	41.5	24.7	33.2	30.5	19.4
man37	37	10763	1	35.2	46	363.15	72.25	51.2	136.2	148.1	147.7	87.3	49.1	29.6	45	29	21.4
man38	38	10761	1	32.6	50	203	67	40.2	114.8	108.1	102.5	61.3	41.1	24.7	34.1	31	18.3
man39	39	10758	1	34.5	45	262.75	68.75	43.2	128.3	126.2	125.6	72.5	39.6	26.6	36.4	32.7	21.4
man40	40	10756	1	32.9	44	205	29.5	36.6	106	104.3	115.5	70.6	42.5	23.7	33.6	28.7	17.4
man41	41	10754	1	31.6	48	217	70	37.3	113.3	111.2	114.1	67.7	40.9	25	36.7	29.8	18.4
man42	42	10751	1	32	41	212	71.5	41.5	106.6	104.3	106	65	40.2	23	35.8	31.5	18.8
man43	43	10745	1	7.7	39	125.25	68	31.5	85.1	76	88.2	50	34.7	21	26.1	23.1	16.1
man44	44	10742	1	13.9	43	164.25	73.25	35.7	96.6	81.5	97.2	58.4	38.2	23.4	29.7	27.4	18.3
man45	45	10740	1	5.6	39	148.5	71.25	34.6	89.8	79.5	92.7	52.7	37.5	21.9	28.8	26.8	17.9
man46	46	10736	1	13.6	45	135.75	68.5	32.8	92.3	83.4	90.4	52	35.8	20.6	28.8	25.5	16.3
man47	47	10730	1	4	47	127.5	66.75	34	83.4	70.4	87.2	50.6	34.4	21.9	26.8	25.8	16.8
man48	48	10728	1	10.2	47	158.25	72.25	34.9	90.2	86.7	98.3	52.6	37.2	22.4	26	25.8	17.3
man49	49	10726	1	6.6	40	139.25	69	34.3	89.2	77.9	91	51.4	34.9	21	26.7	26.1	17.2
man50	50	10725	1	8	51	137.25	67.75	36.5	89.7	82	89.1	49.3	33.7	21.4	29.6	26	16.9
man51	51	10722	1	6.3	49	152.75	73.5	35.1	93.3	79.6	91.6	52.6	37.6	22.6	38.5	27.4	18.5
man52	52	10720	1	3.9	42	136.25	67.5	37.8	87.6	77.6	88.6	51.9	34.9	22.5	27.7	27.5	18.5
man53	53	10719	1	22.6	54	198	72	39.9	107.6	100	99.6	57.2	38	22	35.9	30.2	18.9
man54	54	10716	1	20.4	58	181.5	68	39.1	100	99.8	102.5	62.1	39.6	22.5	33.1	28.3	18.5
man55	55	10713	1	28	62	201.25	69.5	40.5	111.5	104.2	105.8	61.8	39.8	22.7	37.7	30.9	19.2
man56	56	10709	1	31.5	54	202.5	70.75	40.5	115.4	105.3	97	59.1	38	22.5	31.6	28.8	18.2
man57	57	10708	1	24.6	61	179.75	65.75	38.4	104.8	98.3	99.6	60.6	37.7	22.9	34.5	29.6	18.5
man58	58	10706	1	26.1	62	216	73.25	41.4	112.3	104.8	103.1	61.6	40.9	23.1	36.2	31.8	20.2
man59	59	10705	1	29.8	56	178.75	68.5	35.6	102.9	94.7	100.8	60.9	38	22.1	32.5	29.8	18.3
man60	60	10704	1	30.7	54	193.25	70.25	38	107.6	102.4	99.4	61	39.4	23.6	32.7	29.9	19.1
man61	61	10703	1	32.3	57	205.5	70	40.1	105.3	105.5	108.3	65	41.2	24.7	35.3	31.1	18.4
man62	62	10693	1	30	55	183.5	67.5	40.9	103	100.3	104.2	64.8	40.2	22.7	34.8	30.1	18.7
man63	63	10690	1	21.5	54	151.5	70.75	35.6	90	83.9	93.9	55	36.1	21.7	29.6	27.4	17.4
man64	64	10689	1	13.8	55	154.75	71.5	36.9	95.4	86.6	91.8	54.3	35.4	21.5	32.8	27.4	18.7
man65	65	10680	1	6.3	54	155.25	69.25	37.5	89.3	78.4	96.1	56	37.4	22.4	32.6	28.1	18.1
man66	66	10678	1	12.9	55	156.75	71.5	36.3	94.4	84.6	94.3	51.2	37.4	21.6	27.3	27.1	17.3
man67	67	10674	1	8.8	55	146.75	68.75	38.7	88.5	82.8	95.5	58.9	37.6	21.6	30.3	27.3	18.3
man68	68	10673	1	8.5	56	160.75	73.75	36.4	93.6	82.9	96.3	52.9	37.5	23.1	29.7	27.3	18.2
man69	69	10671	1	13.5	55	125	64	33.2	87.7	76	88.6	50.9	35.4	19.1	29.3	25.7	16.9
man70	70	10670	1	11.8	61	143	65.75	36.5	93.4	83.3	93	55.5	35.2	20.9	29.4	27	16.8
man71	71	10668	1	18.5	61	148.25	67.5	36	91.6	81.8	94.8	54.5	37	21.4	29.3	27	18.3
man72	72	10666	1	8.8	57	162.5	69.5	38.7	91.6	78.8	94.3	56.7	39.7	24.2	30.2	29.2	18.1
man73	73	10665	1	21.5	81	161.25	70.25	37.8	96.4	95.4	99.3	53.5	37.5	21.5	31.4	26.8	18.3
man74	74	10664	1	18.8	66	171.25	69.25	37.4	102.7	98.6	100.2	56.5	39.3	22.7	30.3	28.7	19
man75	75	10653	1	31.4	67	163.75	67.75	38.4	97.7	95.8	97.1	54.8	38.2	23.7	29.4	27.2	19
man76	76	10652	1	26.8	64	150.25	67.25	38.1	97.1	89	96.9	54.8	38	22	29.9	25.2	17.7
man77	77	10650	1	18.4	64	190.25	72.75	39.3	103.1	97.8	99.6	58.9	39	23	34.3	29.6	19
man78	78	10648	1	27	70	170.75	70	38.7	101.8	94.9	95	56	36.5	24.1	31.2	27.3	19.2
man79	79	10647	1	26.6	67	167	67.5	36.5	98.9	89.7	96.2	54.7	37.8	33.7	32.4	27.7	18.2
man80	80	10646	1	14.9	72	157.75	67.25	37.7	97.5	88.1	96.9	57.2	37.7	21.8	32.6	28	18.8
man81	81	10644	1	23.1	64	160	65.75	36.5	104.3	90.9	93.8	57.8	39.5	23.3	29.2	28.4	18.1
man82	82	10641	1	8.3	46	176.75	72.5	38	97.3	86	99.3	61	38.4	23.8	30.2	29.3	18.8
man83	83	10640	1	14.1	48	176	73	36.7	96.7	86.5	98.3	60.4	39.9	24.4	28.8	29.6	18.7
man84	84	10636	1	20.5	46	177	70	37.2	99.7	95.6	102.2	58.3	38.2	22.5	29.1	27.7	17.7
man85	85	10631	1	18.2	44	179.75	69.5	39.2	101.9	93.2	100.6	58.9	39.7	23.1	31.4	28.4	18.8
man86	86	10624	1	8.5	47	165.25	70.5	37.5	97.2	83.1	95.4	56.9	38.3	22.1	30.1	28.2	18.4
man87	87	10623	1	24.9	46	192.5	71.75	38	106.6	97.5	100.6	58.9	40.5	24.5	33.3	29.6	19.1
man88	88	10622	1	9	47	184.25	74.5	37.3	99.6	88.8	101.4	57.4	39.6	24.6	30.3	27.9	17.8
man89	89	10620	1	17.4	53	224.5	77.75	41.1	113.2	99.2	107.5	61.7	42.3	23.2	32.9	30.8	20.4
man90	90	10610	1	9.6	38	188.75	73.25	37.5	99.1	91.6	102.4	60.6	39.4	22.9	31.6	30.1	18.5
man91	91	10607	1	21.2	49	198.5	73.5	40.1	106.5	95	101.7	59	39.4	22.3	32.2	31	18.6
man92	92	10603	1	20.4	48	173.75	72	37	99.1	92	98.3	59.3	38.4	22.4	27.9	26.2	17
man93	93	10601	1	22.3	49	196.75	73.75	40.7	103.5	95.5	101.6	59.1	39.8	25.4	31	30.3	19.7
man94	94	10599	1	25.4	43	177	69.25	39.6	104	98.6	99.5	59.5	36.1	22	30.1	27.2	17.7
man95	95	10594	1	18	43	165.5	68.5	31.1	93.1	87.3	96.6	54.7	39	24.8	31	29.4	18.8
man96	96	10593	1	19.3	43	200.25	73.5	38.6	105.2	102.8	103.6	61.2	39.3	23.5	30.5	28.5	18.1
man97	97	10590	1	18.3	52	203.25	74.25	42	110	101.6	100.7	55.8	38.7	23.4	35.1	29.6	19.1
man98	98	10587	1	17.3	43	194	75.5	38.5	110.1	88.7	102.1	57.5	40	24.8	35.1	30.7	19.2
man99	99	10584	1	19.7	43	170.75	68.5	37.2	96.3	90.6	99.3	61.9	38	22.3	33.3	28.2	18.1
man100	100	10583	1	28	43	183.25	70	37.1	108	105	103	63.7	40	23.6	33.5	27.8	17.4
man101	101	10582	1	22.1	47	178.25	70	40.2	99.7	95	98.6	62.3	38.1	23.9	35.3	31.1	19.8
man102	102	10578	1	21.3	42	163	70.25	35.3	93.5	89.6	99.8	61.5	37.8	21.9	30.7	27.6	17.4
man103	103	10575	1	26.7	48	175.25	71.75	38	100.7	92.4	97.5	59.3	38.1	21.8	31.8	27.3	17.5
man104	104	10573	1	20.1	48	177.25	72.75	36.8	96	90	99.7	58.8	38.4	22.8	29.9	28	18.1
man105	105	10571	1	13.9	51	179	72	41	99.2	90	96.4	56.8	38.8	23.3	33.4	29.8	19.5
man106	106	10569	1	25.8	40	191	74	38.3	95.4	92.4	104.3	64.6	41.1	24.8	33.6	29.5	18.5
man107	107	10568	1	18.1	44	187.5	72.25	38	101.8	87.5	101	58.5	39.2	24.5	32.1	28.6	18
man108	108	10563	1	27.9	52	206.5	74.5	40.8	104.3	99.2	104.1	58.5	39.3	24.6	33.9	31.2	19.5
man109	109	10561	1	25.3	44	185.25	71.5	39.5	99.2	98.1	101.4	57.1	40.5	23.2	33	29.6	18.4
man110	110	10560	1	14.7	40	160.25	68.75	36.9	99.3	83.3	97.5	60.5	38.7	22.6	34.4	28	17.6
man111	111	10551	1	16	47	151.5	66.75	36.9	94	86.1	95.2	58.1	36.5	22.1	30.6	27.5	17.6
man112	112	10550	1	13.8	50	161	66.5	37.7	98.9	84.1	94	58.5	36.6	23.5	34.4	29.2	18
man113	113	10549	1	17.5	46	167	67	36.6	101	89.9	100	60.7	36	21.9	35.6	30.2	17.6
man114	114	10547	1	17.4	43	152.25	67.75	37.5	95.9	78	93.2	53.5	35.8	20.8	33.9	28.2	17.4
man115	115	10543	1	20.8	40	192.25	73.25	39.8	103.9	93.5	99.5	61.7	39	21.8	33.3	29.6	18.1
man116	116	10542	1	18.1	49	171.75	71.5	35.5	97.8	90.1	95.8	57	38.7	23.2	27.5	26.5	17.6
man117	117	10538	1	22.7	40	171.25	70.5	36.3	94.6	90.3	99.1	60.3	38.5	23	31.2	28.4	17.1
man118	118	10530	1	23.6	47	197	73.25	37.8	103.6	99.8	103.2	61.2	38.1	22.6	33.5	28.6	17.9
man119	119	10529	1	26.1	50	157	66.75	37.8	100.4	89.4	92.3	56.1	35.6	20.5	33.6	29.3	17.3
man120	120	10525	1	24.4	41	168.25	69.5	36.5	98.4	87.2	98.4	56	36.9	23	34	29.8	18.1
man121	121	10524	1	27.1	44	186	69.75	37.8	104.6	101.1	102.1	58.9	37.9	22.7	30.9	28.8	17.6
man122	122	10522	1	22.4	40	168.25	71.25	34.3	98.3	88.5	98.3	58.1	38.4	22.5	31.7	27.4	17.6
man123	123	10521	1	20.4	49	212.75	75	40.8	104.7	106.6	107.7	66.5	42.5	24.5	35.5	29.8	18.7
man124	124	10520	1	24.9	40	176.75	71	37.4	98.6	93.1	101.6	59.1	39.6	21.6	30.8	27.9	16.6
man125	125	10515	1	23.3	52	167	67.75	37.5	102.7	91	98.9	57.1	36.7	22.3	31.6	27.5	17.9
man126	126	10513	1	9.4	23	159.75	72.25	35.5	92.1	77.1	93.9	56.1	36.1	22.7	30.5	27.2	18.2
man127	127	10512	1	10.3	23	188.15	77.5	38	96.6	85.3	102.5	59.1	37.6	23.2	31.8	29.7	18.3
man128	128	10510	1	14.2	24	156	70.75	35.7	92.7	81.9	95.3	56.4	36.5	22	33.5	28.3	17.3
man129	129	10506	1	19.2	24	208.5	72.75	39.2	102	99.1	110.1	71.2	43.5	25.2	36.1	30.3	18.7
man130	130	10505	1	29.6	25	206.5	69.75	40.9	110.9	100.5	106.2	68.4	40.8	24.6	33.3	29.7	18.4
man131	131	10503	1	5.3	25	143.75	72.5	35.2	92.3	76.5	92.1	51.9	35.7	22	25.8	25.2	16.9
man132	132	10502	1	25.2	26	223	70.25	40.6	114.1	106.8	113.9	67.6	42.7	24.7	36	30.4	18.4
man133	133	10500	1	19.6	26	241.75	74.5	41.8	108.3	102.9	114.4	72.9	43.5	25.1	38.5	33.8	19.6
man134	134	10499	1	10.1	27	146	72.25	34.1	88.5	72.8	91.1	53.6	36.8	23.8	27.8	26.3	17.4
man135	135	10498	1	16.5	27	156.75	67.25	37.9	94	88.2	95.2	56.8	37.4	22.8	30.6	28.3	17.9
man136	136	10492	1	21	27	200.25	73.5	38.2	101.1	100.1	105	62.1	40	24.9	33.7	29.2	19.4
man137	137	10491	1	17.3	28	171.5	75.25	35.6	92.1	83.5	98.3	57.3	37.8	21.7	32.2	27.7	17.7
man138	138	10488	1	31.2	28	205.75	69	38.5	105.6	105	106.4	68.6	40	25.2	35.2	30.7	19.1
man139	139	10486	1	10	28	182.5	72.25	37	98.5	90.8	102.5	60.8	38.5	25	31.6	28	18.6
man140	140	10484	1	12.5	30	136.5	68.75	35.9	88.7	76.6	89.8	50.1	34.8	21.8	27	34.9	16.9
man141	141	10483	1	14.6	33	196	73	38.5	103.8	95.6	105.1	61.4	40.6	25	31.3	29.2	19.1
man142	142	10481	1	13	33	184.25	68.75	40.7	98.9	92.1	103.5	64	37.3	23.5	33.5	30.6	19.7
man143	143	10480	1	15.1	34	140	70.5	36	89.2	83.4	89.6	52.4	35.6	20.4	28.3	26.2	16.5
man144	144	10477	1	27.3	34	218.75	72	39.5	111.4	106	108.8	63.8	42	23.4	34	31.2	18.5
man145	145	10473	1	21.8	35	166.25	68	38.5	99.1	90.4	95.6	55.5	34.2	21.9	30.2	28.7	17.7
man146	146	10472	1	20.3	35	224.75	72.25	43.9	108.2	100.4	106.8	63.3	41.7	24.6	37.2	33.1	19.8
man147	147	10470	1	34.3	35	228.25	69.5	40.4	114.9	115.9	111.9	74.4	40.6	24	36.1	31.8	18.8
man148	148	10468	1	16.5	35	172.75	69.5	37.6	99.1	90.8	98.1	60.1	39.1	23.4	32.5	29.8	17.4
man149	149	10462	1	0.7	35	125.75	65.5	34	90.8	75	89.2	50	34.8	22	24.8	25.9	16.9
man150	150	10459	1	16.9	36	176.25	71.5	38.7	98.2	90.3	99.9	59.2	37.7	21.5	32.4	28.4	17.8
man151	151	10453	1	25.3	36	226.75	71.75	41.5	115.3	108.8	114.4	69.2	42.4	24	35.4	21	20.1
man152	152	10452	1	9.9	37	145.25	69.25	36	96.8	79.4	89.2	50.3	34.8	22.2	31	26.9	16.9
man153	153	10439	1	13.1	37	151	67	35.3	92.6	83.2	96.4	60	38.1	22	31.5	26.6	16.7
man154	154	10438	1	29.9	37	241.25	71.5	42.1	119.2	110.3	113.9	69.8	42.6	24.8	34.4	29.5	18.4
man155	155	10435	1	22.5	38	187.25	69.25	38	102.7	92.7	101.9	64.7	39.5	24.7	34.8	30.3	18.1
man156	156	10434	1	16.9	39	234.75	74.5	42.8	109.5	104.5	109.9	69.5	43.1	25.8	39.1	32.5	19.9
man157	157	10433	1	26.6	39	219.25	74.25	40	108.5	104.6	109.8	68.1	42.8	24.1	35.6	29	19
man158	158	10430	1	0	40	118.5	68	33.8	79.3	69.4	85	47.2	33.5	20.2	27.7	24.6	16.5
man159	159	10429	1	11.5	40	145.75	67.25	35.5	95.5	83.6	91.6	54.1	36.2	21.8	31.4	28.3	17.2
man160	160	10424	1	12.1	40	159.25	69.75	35.3	92.3	86.8	96.1	58	39.4	22.7	30	26.4	17.4
man161	161	10422	1	8.6	40	167.5	71.5	39.4	89.5	83.7	98.1	57.3	39.7	22.6	32.9	29.3	18.2
man162	162	10418	1	23.6	41	232.75	74.25	41.9	117.5	109.3	108.8	67.7	41.3	24.7	37.2	31.8	20
man163	163	10416	1	20.4	41	210.5	72	38.5	107.4	98.9	104.1	63.5	39.8	23.5	36.4	30.4	19.1
man164	164	10414	1	20.5	41	202.25	72.5	40.8	109.2	98	101.8	62.8	41.3	24.8	36.6	32.4	18.8
man165	165	10412	1	38.1	42	244.25	76	41.8	115.2	113.7	112.4	68.5	45	25.5	37.1	31.2	19.9
man166	166	10411	1	15.9	42	193.5	70.5	40.7	104.9	94.1	102.7	60.6	38.6	24.7	34	30.1	18.7
man167	167	10404	1	24.7	42	224.75	74.75	38.5	106.7	105.7	111.8	65.3	43.3	26	33.7	29.9	18.5
man168	168	10403	1	22.8	42	162.75	72.75	35.4	92.2	85.6	96.5	60.2	38.9	22.4	31.7	27.1	17.1
man169	169	10399	1	22	42	156.25	69	35.5	97.8	86	96.2	57.7	38.6	24	31.2	27.3	17.4
man170	170	10398	1	6.6	42	167.25	72.75	37.6	94	78	99	57.5	40	22.5	30.6	30	18.5
man171	171	10396	1	23.6	43	170.75	67.5	37.4	103.7	89.7	94.2	58.5	39	24.1	33.8	28.8	18.8
man172	172	10387	1	12.2	43	178.25	70.25	37.8	102.7	89.2	99.2	60.2	39.2	23.8	31.7	28.4	18.6
man173	173	10386	1	22.1	43	150	69.25	35.2	91.1	85.7	96.9	55.5	35.7	22	29.4	26.6	17.4
man174	174	10384	1	28.7	43	200.5	71.5	37.9	107.2	103.1	105.5	68.8	38.3	23.7	32.1	28.9	18.7
man175	175	10382	1	34.8	44	223	69.75	40.9	121.6	113.9	107.1	63.5	40.3	21.8	34.8	30.7	17.4
man176	176	10378	1	16.6	44	208.75	73	41.9	105.6	96.3	102	63.3	39.8	24.1	37.3	23.1	19.4
man177	177	10377	1	32.9	44	166	65.5	39.1	100.6	93.9	100.1	58.9	37.6	21.4	33.1	29.5	17.3
man178	178	10374	1	32.8	47	195	72.5	40.2	102.7	101.3	101.7	60.7	39.4	23.3	36.7	31.6	18.4
man179	179	10373	1	9.6	47	160.5	70.25	36	99.8	83.9	91.8	53	36.2	22.5	31.4	27.5	17.7
man180	180	10372	1	7.1	49	140.5	68	35.8	91.2	79.4	89	51.1	35	21.7	30.9	28.8	17.4
man181	181	10370	1	27.2	49	216.25	74.5	40.2	115.6	104	109	63.7	40.3	23.2	36.8	31	18.9
man182	182	10358	1	19.5	49	168.25	71.75	38.3	98.3	89.7	99.1	56.3	38.8	23	29.5	27.9	18.6
man183	183	10356	1	18.7	50	194.75	70.75	39	103.7	97.6	104.2	60	40.9	25.5	32.7	30	19
man184	184	10355	1	19.5	50	172.75	73	37.4	98.7	87.6	96.1	57.1	38.1	21.8	28.6	26.7	18
man185	185	10346	1	47.5	51	219	64	41.2	119.8	122.1	112.8	62.5	36.9	23.6	34.7	29.1	18.4
man186	186	10340	1	13.6	51	149.25	69.75	34.8	92.8	81.1	96.3	53.8	36.5	21.5	31.3	26.3	17.8
man187	187	10334	1	24.5	52	199.25	71.75	39.4	106.8	100	105	63.9	39.2	22.9	35.7	30.4	19.2
man188	188	10333	1	15	53	154.5	69.25	37.6	93.9	88.7	94.5	53.7	36.2	22	28.5	25.7	17.1
man189	189	10328	1	12.4	54	153.25	70.5	38.5	99	91.8	96.2	57.7	38.1	23.9	31.4	29.9	18.9
man190	190	10325	1	26	54	230	72.25	42.5	119.9	110.4	105.5	64.2	42.7	27	38.4	32	19.6
man191	191	10322	1	11.5	54	161.75	67.5	37.4	94.2	87.6	95.6	59.7	40.2	23.4	27.9	27	17.8
man192	192	10317	1	5.2	55	142.25	67.25	35.2	92.7	82.8	91.9	54.4	35.2	22.5	29.4	26.8	17
man193	193	10316	1	10.9	55	179.75	68.75	41.1	106.9	95.3	98.2	57.4	37.1	21.8	34.1	31.1	19.2
man194	194	10313	1	14.8	55	169.5	68.25	37.2	101.7	91.1	97.1	56.6	38.5	22.6	33.4	29.3	18.8
man195	195	10308	1	25.2	55	198.5	74.25	38.3	105.3	96.7	106.6	64	42.6	23.4	33.2	30	18.4
man196	196	10304	1	14.9	56	174.5	69.5	38.1	104	89.4	98.4	58.4	37.4	22.5	34.6	30.1	18.8
man197	197	10298	1	17	56	167.75	68.5	37.4	98.6	93	97	55.4	38.8	23.2	32.4	29.7	19
man198	198	10287	1	10.6	57	147.75	65.75	35.2	99.6	86.4	90.1	53	35	21.3	31.7	27.3	16.9
man199	199	10283	1	16.1	57	182.25	71.75	39.4	103.4	96.7	100.7	59.3	38.6	22.8	31.8	29.1	19
man200	200	10280	1	15.4	58	175.5	71.5	38	100.2	88.1	97.8	57.1	38.9	23.6	30.9	29.6	18
man201	201	10279	1	26.7	58	161.75	67.25	35.1	94.9	94.9	100.2	56.8	35.9	21	27.8	26.1	17.6
man202	202	10271	1	25.8	60	157.75	67.5	40.4	97.2	93.3	94	54.3	35.7	21	31.3	28.7	18.3
man203	203	10269	1	18.6	62	168.75	67.5	38.3	104.7	95.6	93.7	54.4	37.1	22.7	30.3	26.3	18.3
man204	204	10264	1	24.8	62	191.5	72.25	40.6	104	98.2	101.1	59.3	40.3	23	32.6	28.5	19
man205	205	10263	1	27.3	63	219.15	69.5	40.2	117.6	113.8	111.8	63.4	41.1	22.3	35.1	29.6	18.5
man206	206	10258	1	12.4	64	155.25	69.5	37.9	95.8	82.8	94.5	61.2	39.1	22.3	29.8	28.9	18.3
man207	207	10256	1	29.9	65	189.75	65.75	40.8	106.4	100.5	100.5	59.2	38.1	24	35.9	30.5	19.1
man208	208	10254	1	17	65	127.5	65.75	34.7	93	79.7	87.6	50.7	33.4	20.1	28.5	24.8	16.5
man209	209	10250	1	35	65	224.5	68.25	38.8	119.6	118	114.3	61.3	42.1	23.4	34.9	30.1	19.4
man210	210	10236	1	32.6	67	227.75	72.75	41.3	115.8	113.4	109.8	65.6	46	25.4	35.3	29.8	19.5
man211	211	10217	1	29	67	199.5	68.5	40.7	118.3	106.1	101.6	58.2	38.8	24.1	32.1	29.3	18.5
man212	212	10209	1	15.2	68	155.5	69.25	36.3	97.4	84.3	94.4	54.3	37.5	22.6	29.2	27.3	18.5
man213	213	10207	1	30.2	69	215.5	70.5	40.8	113.7	107.6	110	63.3	44	22.6	37.5	32.6	18.8
man214	214	10202	1	11	70	134.25	67	34.9	89.2	83.6	88.8	49.6	34.8	21.5	25.6	25.7	18.5
man215	215	10180	1	33.6	72	201	69.75	40.9	108.5	105	104.5	59.6	40.8	23.2	35.2	28.6	20.1
man216	216	10140	1	29.3	72	186.75	66	38.9	111.1	111.5	101.7	60.3	37.3	21.5	31.3	27.2	18
man217	217	10101	1	26	72	190.75	70.5	38.9	108.3	101.3	97.8	56	41.6	22.7	30.5	29.4	19.8
man218	218	9950	1	31.9	74	207.5	70	40.8	112.4	108.5	107.1	59.3	42.2	24.6	33.7	30	20.9
