kid 46 10													
boy1	1	441	1	1	1	1	1	1	1	1	1	1	0
girl1	2	425	1	1	0	1	1	1	0	1	0	1	1
boy2	3	404	1	1	1	1	0	1	0	1	0	1	0
girl2	4	398	1	1	1	1	0	1	1	1	0	1	1
boy3	5	392	1	1	0	1	0	1	1	1	0	1	0
boy4	6	391	1	0	0	0	0	0	0	1	0	0	0
girl3	7	390	1	1	1	1	1	1	1	1	1	1	1
girl4	8	388	1	0	0	1	1	1	1	1	1	0	1
girl5	9	386	1	0	0	1	1	1	1	1	0	0	1
girl6	10	384	1	1	1	1	1	1	0	1	1	1	1
boy5	11	380	1	1	1	1	1	1	1	1	1	1	0
girl7	12	379	1	1	1	1	1	1	1	1	1	1	1
girl8	13	378	1	0	0	0	0	0	0	0	0	0	1
boy7	14	373	1	0	0	0	0	1	1	0	0	0	0
boy8	15	370	1	0	0	0	1	0	1	0	1	1	0
boy9	16	369	1	0	0	0	1	0	0	1	1	1	0
boy10	17	368	1	1	1	1	1	1	1	1	0	0	0
girl9	18	367	1	1	0	1	1	1	1	1	1	1	1
boy11	19	366	1	1	1	1	1	1	0	1	1	1	0
boy12	20	365	1	1	0	1	0	1	1	1	0	1	0
girl10	21	362	1	0	1	0	0	0	0	0	0	1	1
boy13	22	361	1	0	1	1	1	0	1	1	1	1	0
girl11	23	358	1	0	1	1	1	1	1	1	1	1	1
girl12	24	357	1	1	1	1	1	1	1	1	1	1	1
girl13	25	355	1	1	1	0	1	0	1	1	1	0	1
boy15	26	354	1	1	1	0	0	0	1	0	1	0	0
boy16	27	353	1	1	1	1	1	0	0	0	1	0	0
girl14	28	348	1	0	0	0	0	1	1	0	0	0	1
girl15	29	345	1	1	1	0	0	0	1	1	1	1	1
boy17	30	343	1	0	1	0	1	0	0	0	1	0	0
girl17	31	342	1	1	1	0	1	0	1	1	1	1	1
girl18	32	341	1	1	1	0	0	0	1	0	1	0	1
girl19	33	340	1	1	1	0	1	0	0	0	1	0	1
boy19	34	339	1	1	1	1	1	1	0	1	1	0	0
girl20	35	338	1	0	1	1	1	1	1	0	0	1	1
boy20	36	335	1	0	0	0	1	0	1	0	1	0	0
girl22	37	334	1	0	0	0	0	0	0	0	0	1	1
boy21	38	333	1	0	0	0	0	0	1	0	0	0	0
girl23	39	330	1	1	0	1	0	1	0	0	0	0	1
girl24	40	328	1	1	1	1	1	1	0	1	1	0	1
girl25	41	327	1	1	1	0	0	0	1	0	1	0	1
girl26	42	324	1	0	0	0	0	0	0	0	0	0	1
girl27	43	322	1	0	0	0	0	0	0	0	0	0	1
boy22	44	316	1	0	0	0	0	0	0	0	0	0	0
boy23	45	310	1	0	0	0	0	0	0	0	0	0	0
girl28	46	300	1	0	0	0	0	0	1	0	0	1	1
