xgl 26 6
island1	1	444	1	95	903.82	864	0.6	0	0.52
island2	2	347	1	89	4669.32	1707	0.7	28.1	634.49
island3	3	285	1	73	170.92	640	2.6	49.2	0.1
island4	4	280	1	65	551.62	716	45.2	66.5	0.57
island5	5	237	1	81	572.33	906	0.2	19.8	4.89
island6	6	108	1	33	17.95	458	10.7	10.7	0.03
island7	7	104	1	37	59.56	777	29.1	119.6	129.49
island8	8	97	1	26	58.27	198	1.1	88.3	0.57
island9	9	93	1	35	634.49	1494	4.3	95.3	4669.32
island10	10	70	1	30	4.89	367	4.4	24.4	572.33
island11	11	62	1	28	24.08	259	16.5	16.5	0.52
island12	12	58	1	23	25.09	439	0.6	0.6	1.84
island13	13	51	1	23	129.49	343	29.1	85.9	59.56
island14	14	44	1	16	1.84	439	0.6	9.6	25.09
island15	15	40	1	19	17.35	76	47.4	92.2	129.49
island16	16	31	1	21	1.24	109	0.6	26.3	572.33
island17	17	25	1	9	0.1	46	1.9	47.4	0.18
island18	18	21	1	12	2.85	253	34.1	254.7	2.33
island19	19	18	1	11	0.34	439	8	8	1.84
island20	20	16	1	8	1.24	186	6.8	50.9	17.95
island21	21	12	1	9	0.23	439	0.5	0.6	25.09
island22	22	10	1	7	2.33	168	34.1	290.2	2.85
island23	23	8	1	4	0.03	439	0.4	0.4	17.95
island24	24	5	1	4	0.78	227	4.6	62.2	0.21
island25	25	3	1	3	0.21	114	2.8	58.7	0.78
island26	26	2	1	1	0.05	439	1.9	1.9	903.82

