xca	37	13														
highway1	1	923	1	3.58	23	6	40	12	2	0.56	2.51	53	4	0	0	1
highway2	2	860	1	3.23	13	6	45	12	2	0.31	0.93	17.3	2	0	0	1
highway3	3	821	1	7.73	7	8	55	12	8	0.13	0.52	27.3	2	0	0	1
highway4	4	748	1	11.54	12	7	45	12	3	0.09	0.09	30.2	2	0	0	1
highway5	5	687	1	5.97	30	6	55	12	10	0.34	1.84	24.8	4	0	1	0
highway6	6	612	1	5.24	25	9	55	12	10	0.38	0.38	18.5	4	0	1	0
highway7	7	588	1	8.26	23	7	50	12	5	0.12	1.21	8.2	4	0	1	0
highway8	8	577	1	22.09	4	8	45	11	3	0	0.14	18.2	2	0	0	1
highway9	9	480	1	5.4	18	14	50	12	8	0	0.56	15.2	2	0	1	0
highway10	10	461	1	13.28	20	9	50	12	2	0.15	1.21	11.2	4	0	1	0
highway11	11	458	1	4.99	69	8	55	12	10	1.2	0	4.6	8	1	0	0
highway12	12	427	1	20.63	1	11	55	11	4	0	0	9.6	2	0	0	1
highway13	13	422	1	5.49	9	11	50	12	6	0.18	0.18	8.9	2	0	1	0
highway14	14	420	1	7.03	23	6	60	12	10	0.29	1.85	5.4	4	0	1	0
highway15	15	412	1	12.91	1	10	55	12	3	0	0	10.4	2	0	0	0
highway16	16	385	1	8.57	46	8	55	12	8	0.47	0.7	11	4	0	1	0
highway17	17	378	1	27.16	2	10	55	12	3	0.04	0.04	11.3	2	0	0	1
highway18	18	329	1	15.79	43	12	50	12	4	0.95	1.39	7.5	4	0	1	0
highway19	19	305	1	20.06	3	11	60	12	8	0	0	9	2	0	0	0
highway20	20	302	1	9.75	49	10	60	12	10	1.54	0	4.7	4	1	0	0
highway21	21	297	1	19.49	4	13	55	12	4	0	0	7.1	2	0	0	1
highway22	22	293	1	14.41	10	10	55	12	6	0	0.07	18	2	0	0	1
highway23	23	290	1	9.39	5	10	55	13	1	0	0	12.3	2	0	0	1
highway24	24	286	1	16.11	73	8	60	12	10	1.43	0	4.4	4	1	0	0
highway25	25	283	1	11.39	5	9	50	12	8	0	0.09	11.1	2	0	1	0
highway26	26	276	1	8.63	12	8	55	13	6	0.14	0	12.4	2	0	1	0
highway27	27	269	1	11.75	27	7	55	12	10	0.26	0.6	7.9	4	0	1	0
highway28	28	257	1	11.1	9	8	60	12	7	0	0	10.3	2	0	0	1
highway29	29	255	1	20.31	12	7	60	12	10	0.05	0.99	7.8	4	0	1	0
highway30	30	234	1	11.81	8	8	60	12	10	0	0	4.3	2	0	1	0
highway31	31	229	1	10.65	61	13	65	12	10	0.94	0	3.8	6	1	0	0
highway32	32	201	1	9.78	19	9	60	12	10	0.2	0.1	11	4	0	1	0
highway33	33	199	1	8.86	22	9	60	12	10	0.68	0	3.2	4	0	1	0
highway34	34	189	1	40.09	15	13	55	12	8	0.05	0.12	9.6	4	0	1	0
highway35	35	184	1	21.01	5	12	55	10	8	0	0.1	14	2	0	0	1
highway36	36	181	1	22	5	15	60	12	7	0	0	6.8	2	0	1	0
highway37	37	161	1	20.01	28	12	70	12	10	0.65	0	2.2	4	1	0	0
