xsl 35 9
Human	1	1000	1	62	1320	6.1	1.9	8	267	1	1	1
Asian_elephant	2	690	1	2547	4603	2.1	1.8	3.9	624	3	5	4
Chimpanzee	3	500	1	52.16	440	8.3	1.4	9.7	230	1	1	1
Horse	4	460	1	521	655	2.1	0.8	2.9	336	5	5	5
Gray_seal	5	410	1	85	325	4.7	1.5	6.2	310	1	3	1
Brazilian_tapir	6	304	1	160	169	5.2	1	6.2	392	4	5	4
Cow	7	300	1	465	423	3.2	0.7	3.9	281	5	5	5
Rhesus_monkey	8	290	1	6.8	179	8.4	1.2	9.6	164	2	3	2
Cat	9	280	1	3.3	25.6	10.9	3.6	14.5	63	1	2	1
Baboon	10	270	1	10.55	179.5	9.1	0.7	9.8	180	4	4	4
Little_brown_bat	11	240	1	0.01	0.25	17.9	2	19.9	50	1	1	1
Patas_monkey	12	202	1	10	115	10	0.9	10.9	170	4	4	4
Goat	13	200	1	27.66	115	3.3	0.5	3.8	148	5	5	5
Big_brown_bat	14	190	1	0.023	0.3	15.8	3.9	19.7	35	1	1	1
Rabbit	15	180	1	2.5	12.1	7.5	0.9	8.4	31	5	5	5
Phanlanger	16	130	1	1.62	11.4	11.9	1.8	13.7	17	2	1	2
Owl_monkey	17	120	1	0.48	15.5	15.2	1.8	17	140	2	2	2
Galago	18	104	1	0.2	5	9.5	1.2	10.7	120	2	2	2
Red_fox	19	98	1	4.235	50.4	7.4	2.4	9.8	52	1	1	1
Ground_squirrel	20	90	1	0.101	4	10.4	3.4	13.8	28	5	1	3
Guinea_pig	21	76	1	1.04	5.5	7.4	0.8	8.2	68	5	3	4
Tree_hyrax	22	75	1	2	12.3	4.9	0.5	5.4	200	3	1	3
Chinchilla	23	70	1	0.425	6.4	11	1.5	12.5	112	5	4	4
Nine-banded_armadillo	24	65	1	3.5	10.8	14.3	3.1	17.4	120	2	1	1
European_hedgehog	25	60	1	0.785	3.5	6.6	4.1	10.7	42	2	2	2
North_American_opossum	26	50	1	1.7	6.3	13.8	5.6	19.4	12	2	1	1
Rat	27	47	1	0.28	1.9	10.6	2.6	13.2	21	3	1	3
African_giant_pouched_rat	28	45	1	1	6.6	6.3	2	8.3	42	3	1	3
Golden_hamster	29	39	1	0.12	1	11	3.4	14.4	16	3	1	2
Eastern_American_mole	30	35	1	0.075	1.2	6.3	2.1	8.4	42	1	1	1
Mouse	31	32	1	0.023	0.4	11.9	1.3	13.2	19	4	1	3
Water_opossum	32	30	1	3.5	3.9	12.8	6.6	19.4	14	2	1	1
Lesser_short-tailed-shrew	33	26	1	0.005	0.14	7.7	1.4	9.1	21.5	5	2	4
Tree_shrew	34	23	1	0.104	2.5	13.2	2.6	15.8	46	3	2	2
Musk_shrew	35	20	1	0.048	0.33	10.8	2	12.8	30	4	1	3

