cit 83 9
Berlin	1	3433695	1	0	1	0	0	1	1	1	1	1
Hamburg	2	1652363	1	1	1	0	0	0	1	1	0	1
Munich	3	1229026	1	1	1	0	0	1	1	1	0	1
Cologne	4	953551	1	1	0	0	0	1	1	1	0	1
Frankfurt	5	644865	1	1	0	0	0	1	1	1	0	1
Essen	6	626973	1	0	0	0	1	1	1	1	0	1
Dortmund	7	599055	1	1	0	0	1	0	1	1	0	1
Stuttgart	8	579988	1	1	1	0	0	1	1	1	0	1
Duesseldorf	9	575794	1	0	1	0	0	1	1	1	0	1
Bremen	10	551219	1	1	1	0	0	0	1	0	0	1
Duisburg	11	535447	1	0	0	0	1	0	1	0	0	1
Hannover	12	513010	1	0	1	0	0	1	1	1	0	1
Leipzig	13	511079	1	0	0	1	0	1	1	1	0	1
Nuremberg	14	493692	1	1	0	0	0	1	1	1	0	1
Dresden	15	490571	1	1	0	1	0	0	1	0	0	1
Bochum	16	396486	1	1	0	0	1	0	1	0	0	1
Wuppertal	17	383660	1	0	0	0	1	1	1	0	0	1
Bielefeld	18	319037	1	0	0	0	0	0	1	0	0	1
Mannheim	19	310411	1	0	0	0	0	0	1	0	0	1
Halle	20	310234	1	0	0	1	0	0	1	0	0	0
Chemnitz	21	294244	1	0	0	1	0	1	0	0	0	0
Gelsenkirchen	22	293714	1	1	0	0	1	0	1	0	0	0
Bonn	23	292234	1	0	0	0	0	0	1	0	0	1
Magdeburg	24	278807	1	0	1	1	0	0	1	0	0	0
Karlsruhe	25	275061	1	1	0	0	0	0	1	0	0	0
Wiesbaden	26	260301	1	0	1	0	0	0	1	0	0	0
Muenster	27	259438	1	0	0	0	0	0	1	0	0	1
Moenchengladbach	28	259436	1	1	0	0	0	0	0	0	0	0
Braunschweig(Brunswick)	29	258833	1	0	0	0	0	0	1	0	0	1
Augsburg	30	256877	1	0	0	0	0	1	1	0	0	1
Rostock	31	248088	1	0	0	1	0	0	1	0	0	0
Kiel	32	245567	1	0	1	0	0	0	1	0	0	1
Krefeld	33	244020	1	0	0	0	0	0	0	0	0	0
Aachen	34	241961	1	0	0	0	0	0	1	0	0	1
Oberhausen	35	223840	1	0	0	0	1	0	1	0	0	0
Luebeck	36	214758	1	0	0	0	0	0	1	0	0	0
Hagen	37	214449	1	0	0	0	1	0	1	0	0	0
Erfurt	38	208989	1	0	1	1	0	0	1	0	0	0
Kassel	39	194268	1	0	0	0	0	0	1	0	0	1
Saarbruecken	40	191694	1	1	1	0	0	0	1	1	0	1
Freiburg	41	191029	1	0	0	0	0	0	1	0	0	1
Hamm	42	179639	1	0	0	0	1	0	1	0	0	0
Mainz	43	179486	1	0	1	0	0	0	1	0	0	1
Herne	44	178132	1	0	0	0	1	0	0	0	0	0
Muelheim	45	177681	1	0	0	0	1	0	0	0	0	0
Solingen	46	165401	1	0	0	0	0	0	1	0	0	0
Osnabrueck	47	163168	1	0	0	0	0	0	1	0	0	1
Ludwigshafen	48	162173	1	0	0	0	0	0	1	0	0	0
Leverkusen	49	160919	1	1	0	0	0	0	0	0	0	0
Neuss	50	147019	1	0	0	0	0	0	0	0	0	0
Oldenburg	51	143131	1	0	0	0	0	0	1	0	0	1
Potsdam	52	139794	1	0	1	1	0	1	1	0	0	0
Darmstadt	53	138920	1	0	0	0	0	0	1	0	0	1
Heidelberg	54	136796	1	0	0	0	0	0	1	0	0	1
Bremerhaven	55	130446	1	0	0	0	0	0	1	0	0	0
Gera  	56	129037	1	0	0	1	0	1	1	0	0	0
Wolfsburg	57	128510	1	0	0	0	0	0	0	0	0	0
Wuerzburg	58	127777	1	0	0	0	0	0	1	0	0	1
Schwerin	59	127447	1	0	1	1	0	0	1	0	0	0
Cottbus	60	125891	1	0	0	1	0	0	0	0	0	0
Recklinghausen	61	125060	1	0	0	0	1	0	1	0	0	0
Remscheid	62	123155	1	0	0	0	0	0	0	0	0	0
Goettingen	63	121831	1	0	0	0	0	0	1	0	0	1
Regensburg	64	121691	1	0	0	0	0	1	1	0	0	1
Paderborn	65	120680	1	0	0	0	0	0	0	0	0	1
Bottrop	66	118936	1	0	0	0	1	0	0	0	0	0
Heilbronn	67	115843	1	0	0	0	0	0	0	0	0	0
Offenbach	68	114992	1	0	0	0	0	0	0	1	0	0
Zwickau	69	114636	1	0	0	1	0	1	0	0	0	0
Salzgitter	70	114355	1	0	0	0	0	0	0	0	0	0
Pforzhein	71	112944	1	0	0	0	0	0	1	0	0	0
Ulm	72	110529	1	0	0	0	0	0	1	0	0	1
Siegen	73	109174	1	0	0	0	0	0	0	0	0	1
Koblenz	74	108733	1	0	0	0	0	0	1	0	0	1
Jena	75	105518	1	0	0	1	0	1	1	0	0	1
Ingolstadt	76	105489	1	0	0	0	0	0	1	0	0	0
Witten	77	105403	1	0	0	0	1	0	0	0	0	0
Hildesheim	78	105291	1	0	0	0	0	0	1	0	0	1
Moers	79	104595	1	0	0	0	1	0	0	0	0	0
BergischGladbach	80	104037	1	0	0	0	0	0	0	0	0	0
Reutlingen	81	103687	1	0	0	0	0	0	0	0	0	0
Fuerth	82	103362	1	0	0	0	0	0	1	0	0	0
Erlangen	83	102440	1	0	0	0	0	0	1	0	0	1


