shl 57	18
Austin	1	394	1	0	0	0	0	0	0	1	0	1	0	0	1	0	0	0	0	0	0	
Farragut	2	340	1	1	0	0	1	1	1	0	0	0	1	1	1	0	0	0	0	0	0	
Fenger	3	287	1	0	1	1	0	0	0	0	0	1	0	0	1	1	0	0	0	0	0	
Crane	4	286	1	0	0	0	0	0	1	0	0	1	0	1	1	0	0	0	0	0	1	
Orr	5	263	1	0	0	0	1	1	1	1	0	1	0	0	1	0	0	0	0	0	0	
Wells	6	259	1	1	0	0	1	1	1	0	1	0	1	1	0	1	0	1	0	0	0	
Bowen	7	255	1	0	0	1	0	1	1	0	0	0	1	0	1	0	0	0	0	0	0	
Steinmetz	8	250	1	1	1	1	1	1	0	0	1	0	1	1	0	1	1	1	1	1	1	
Englewood	9	248	1	0	0	0	0	0	1	1	0	1	0	0	1	0	0	0	0	0	0	
Carver	10	246	1	0	0	0	1	0	0	0	0	1	0	1	1	0	0	0	1	0	0	
Robeson	11	235	1	0	0	1	0	0	1	0	0	1	0	0	1	0	0	0	0	0	0	
Schurz	12	234	1	1	0	0	0	1	1	1	1	0	1	1	0	0	1	1	1	1	1	
DuSable	13	233	1	0	0	0	0	0	1	0	0	1	0	0	1	0	0	0	0	0	0	
LakeView	14	228	1	0	1	0	0	1	1	0	1	0	1	1	0	1	1	1	1	1	1	
KelvynPark	15	227	1	1	0	1	1	1	1	0	1	0	1	1	0	0	0	0	0	0	0	
Harper	16	226	1	1	0	0	0	0	1	0	0	1	0	0	1	0	0	0	0	0	0	
Corliss	17	221	1	1	1	0	0	0	0	0	0	1	0	0	1	0	1	1	1	1	1	
GagePark	18	217	1	0	1	0	0	1	1	1	1	0	1	1	0	1	1	1	0	0	1	
Juarez	19	216	1	1	1	0	0	1	1	1	1	0	1	1	0	1	1	1	1	1	1	
Foreman	20	215	1	1	0	1	0	1	1	1	1	0	1	1	0	1	1	1	1	1	0	
Roosevelt	21	213	1	1	1	1	1	1	0	0	1	0	1	1	0	1	1	1	1	1	0	
PhillipsAcademy	22	209	1	0	0	0	1	0	1	0	0	1	0	0	1	0	0	0	0	0	0	
Harlan	23	195	1	0	0	0	0	0	0	1	0	1	0	0	1	0	0	0	0	0	0	
SennMetropolitan	24	193	1	1	0	0	1	1	1	0	1	0	1	1	0	0	0	1	0	1	0	
MarshallMetropolitan	25	191	1	1	0	0	1	0	0	1	0	1	0	0	1	0	0	0	0	0	0	
Amundsen	26	186	1	1	1	1	1	1	1	0	1	0	1	1	0	1	1	1	1	1	1	
Clemente	27	185	1	1	0	0	0	1	1	1	1	0	1	1	0	0	0	0	0	0	0	
Calumet	28	168	1	0	0	1	0	0	1	1	0	1	0	0	1	0	0	0	0	0	0	
HirschMetropolitan	29	165	1	0	0	1	1	0	0	1	0	1	0	0	1	1	1	1	1	1	0	
ChicagoVocational	30	164	1	1	1	1	1	0	0	0	0	1	0	1	1	1	1	1	1	1	1	
Washington	31	157	1	1	1	1	1	1	0	1	1	0	1	1	0	1	1	1	1	1	1	
Kennedy	32	156	1	0	1	1	0	1	1	1	1	0	1	1	0	1	1	1	1	1	1	
Kenwood	33	155	1	1	1	1	0	0	0	1	1	1	0	1	0	1	1	1	1	1	1	
SimeonVocational	34	153	1	0	1	1	1	0	0	1	0	1	0	0	1	1	1	1	1	1	1	
LincolnPark	35	152	1	1	1	1	0	1	0	1	1	0	1	1	0	1	1	1	1	1	1	
Curie	36	142	1	1	1	1	1	1	0	1	1	0	1	1	0	1	1	1	1	1	1	
Bogan	37	141	1	1	1	1	1	1	0	1	1	0	1	1	0	1	1	1	1	1	1	
WestinghouseAreaVocational	38	139	1	0	1	0	0	0	1	1	0	1	0	0	1	0	0	1	0	0	0	
HydeParkCareer	39	127	1	1	1	1	0	0	0	1	0	1	0	1	1	1	1	1	1	1	1	
Mather	40	126	1	1	1	1	1	1	0	0	1	0	1	1	0	1	1	1	1	1	1	
DunbarVocational	41	122	1	1	1	1	1	0	0	1	1	1	0	0	1	0	1	1	1	1	1	
Collins	42	118	1	0	0	0	0	0	1	1	0	1	0	0	1	0	0	0	0	0	0	
ProsserVocational	43	114	1	0	1	1	1	1	0	1	1	0	1	1	0	1	1	1	1	1	1	
King	44	113	1	0	0	0	0	0	1	0	0	1	0	0	1	0	0	0	0	0	0	
NearNorthCareer	45	112	1	0	0	1	1	1	1	0	1	1	1	1	0	0	0	0	0	0	0	
CregierVocational	46	105	1	0	0	0	0	0	0	0	1	1	0	1	1	0	0	0	0	0	1	
Julian	47	104	1	1	1	0	1	0	0	1	0	1	0	0	1	1	1	1	0	1	1	
Tilden	48	102	1	1	0	0	0	1	1	0	1	0	1	1	0	1	0	0	0	0	0	
Kelly	49	85	1	1	0	0	1	1	1	1	1	0	1	1	0	1	1	1	1	1	1	
FlowerVocational	50	83	1	0	0	0	0	0	1	0	0	1	0	0	1	0	0	0	0	0	0	
Hubbard	51	77	1	1	1	1	1	1	1	1	1	0	1	1	0	1	1	1	1	1	1	
VonSteubenMetro	52	63	1	0	1	1	1	1	0	1	1	0	1	1	0	1	1	1	1	1	1	
MorganPark	53	56	1	1	1	1	1	1	0	0	1	0	1	1	0	1	1	1	1	1	1	
SouthShore	54	45	1	0	1	0	1	0	0	1	0	1	0	0	1	0	0	0	0	0	0	
LaneTechnical	55	41	1	1	1	1	1	0	0	0	1	0	1	1	0	1	1	1	1	1	1	
LindblomTechnical	56	40	1	0	1	1	0	0	0	0	0	1	0	0	1	1	1	1	1	1	1	
ChicagoAgricultural	57	39	1	0	1	1	1	1	0	1	1	0	1	0	0	1	1	1	1	1	1	

