xhs 22 9 
house1	1	849	1	15.4202	2.5	9.8	3.42	2	10	5	42	1
house2	2	829	1	14.4598	2.5	12.8	3	2	9	5	14	1
house3	3	458	1	9.1416	1.5	7.3262	1.831	1.5	8	4	31	0
house4	4	445	1	8.7951	1.5	9.89	1.82	2	8	4	50	1
house5	5	439	1	9.0384	1	7.8	1.5	1.5	7	3	23	0
house6	6	419	1	6.6969	1.5	6.902	1.488	1.5	7	3	22	1
house7	7	410	1	12	1.5	5	1.2	2	6	3	30	1
house8	8	405	1	7.7841	1.5	7.102	1.376	1	6	3	17	0
house9	9	389	1	8.3607	1.5	9.15	1.777	2	8	4	48	1
house10	10	379	1	7.5422	1.5	4	1.69	1	6	3	22	0
house11	11	375	1	5.9894	1	5.52	1.256	2	6	3	40	1
house12	12	369	1	8.2464	1.5	5.15	1.664	2	8	4	50	0
house13	13	359	1	5.8282	1	6.435	1.225	2	6	3	32	0
house14	14	315	1	5.3003	1	4.9883	1.552	1	6	3	30	0
house15	15	310	1	6.2712	1	5.52	0.975	1	5	2	30	0
house16	16	309	1	5.898	1	5.85	1.24	1	7	3	51	1
house17	17	300	1	5.05	1	5	1.02	0	5	2	46	1
house18	18	299	1	5.0597	1	4.455	1.121	1	6	3	42	0
house19	19	295	1	5.0208	1	3.531	1.5	2	7	4	62	0
house20	20	289	1	5.6039	1	9.52	1.501	0	6	3	32	0
house21	21	279	1	4.5429	1	2.275	1.175	1	6	3	40	0
house22	22	259	1	4.9176	1	3.472	0.998	1	7	4	42	0

