xfu 48 6
state1	1	9681	1	345	7	232	4.345	3.905	67.2
state2	2	8653	1	579	7	419	4.716	5.915	72.4
state3	3	7818	1	527	6	354	5.215	2.302	67.2
state4	4	7136	1	632	7	341	3.718	4.725	54
state5	5	7038	1	719	7	421	3.897	6.385	58.6
state6	6	6986	1	1065	7	600	3.656	3.985	56.3
state7	7	6492	1	2258	7	1496	4.593	7.834	66.3
state8	8	6481	1	756	8.5	501	3.635	3.274	66.3
state9	9	6435	1	2634	6.58	1657	3.802	7.834	62.9
state10	10	6400	1	1525	8.5	1033	4.341	6.01	67.7
state11	11	6396	1	11649	5	6595	4.045	17.782	56.6
state12	12	6348	1	2883	7	1689	4.318	10.34	58.6
state13	13	6324	1	1945	7	1173	4.3	3.635	60.3
state14	14	6311	1	4720	7.5	2731	3.846	9.061	57.9
state15	15	6279	1	1978	7.5	1081	3.357	4.121	54.7
state16	16	6100	1	2182	7	1360	4.296	4.083	62.3
state17	17	6028	1	4753	7	2719	4.206	8.508	57.2
state18	18	5915	1	1126	7	572	3.745	2.611	50.8
state19	19	5872	1	2357	7	1475	4.449	4.639	62.6
state20	20	5799	1	5291	8	2804	4.391	5.939	53
state21	21	5771	1	2263	8	1309	3.063	6.524	57.8
state22	22	5767	1	2665	8	1460	3.448	5.399	54.8
state23	23	5743	1	7259	8	4084	4.188	5.975	56.3
state24	24	5708	1	4031	7	2088	3.64	6.905	51.8
state25	25	5664	1	5214	9	2835	3.721	4.746	54.4
state26	26	5657	1	3896	7	2368	4.332	8.159	60.8
state27	27	5606	1	462	9	268	3.865	1.586	58
state28	28	5544	1	3510	7	1801	3.333	6.594	51.3
state29	29	5466	1	4764	9	2463	4.258	4.686	51.7
state30	30	5413	1	1029	9	540	3.571	1.976	52.5
state31	31	5398	1	565	8	340	4.983	0.602	60.2
state32	32	5338	1	3299	9	1626	3.601	4.65	49.3
state33	33	5250	1	9082	7	5213	4.817	6.93	57.4
state34	34	5242	1	20468	7	12130	5.002	9.794	59.3
state35	35	5240	1	771	9	441	4.092	1.25	57.2
state36	36	5103	1	3443	9	1966	4.476	3.942	57.1
state37	37	5075	1	4520	7	2465	4.207	6.58	54.5
state38	38	4985	1	10783	7	5948	4.512	8.507	55.2
state39	39	4871	1	3720	8	1813	3.528	3.495	48.7
state40	40	4712	1	11251	7.5	5903	5.126	14.186	52.5
state41	41	4668	1	7367	8	4074	5.126	2.138	55.3
state42	42	4643	1	4056	9	2073	4.897	2.449	51.1
state43	43	4635	1	11926	8	6312	4.447	8.577	52.9
state44	44	4599	1	1781	8.5	982	4.574	2.619	55.1
state45	45	4568	1	3082	10	1760	5.342	1.333	57.1
state46	46	4140	1	5787	7.5	3060	4.87	2.351	52.9
state47	47	4101	1	968	8	527	4.399	0.431	54.4
state48	48	3437	1	18366	8	8278	5.319	11.868	45.1
