xcl 24 6
case1	1	1285	1	0	1.75	13.4	0.274	1	0
case2	2	1186	1	38	2.05	7	0.144	0	1
case3	3	635	1	27	2.85	12.1	0.751	0	0
case4	4	629	1	3	4.1	3.9	0.198	1	1
case5	5	611	1	4	2.35	5.3	0.526	0	0
case6	6	574	1	33	3.95	6.8	0.796	0	0
case7	7	552	1	1	2.7	37.9	1.267	0	1
case8	8	545	1	59	3.4	6.5	0.142	1	1
case9	9	506	1	28	2.2	5.2	0.084	0	1
case10	10	484	1	35	2.9	3	0.124	0	1
case11	11	456	1	25	3.35	4.9	0.194	0	0
case12	12	445	1	39	4	11.3	0.398	0	0
case13	13	422	1	55	3.7	3.3	0.96	0	1
case14	14	405	1	32	3.1	2.8	0.214	0	1
case15	15	366	1	53	3.35	4.2	0.237	1	0
case16	16	361	1	9	1.6	6.9	0.018	1	0
case17	17	276	1	29	4.4	4.1	0.236	0	1
case18	18	245	1	6	4.25	7.1	0.25	0	1
case19	19	202	1	65	3.15	3.1	0.073	0	1
case20	20	116	1	56	3.8	2.2	0.23	0	0
case21	21	109	1	82	4.01	8.3	0.123	0	1
case22	22	82	1	68	3.15	2.6	0.136	0	0
case23	23	47	1	18	1.3	4.6	0.307	0	0
case24	24	28	1	83	4.65	7.4	0.168	0	0

