xkd	46	10											
boy1	1	441	1	13.6	90.2	41.5	139.4	31.6	74	110.2	179	226	1
girl1	2	425	1	13.3	86.4	41.4	138.2	32.5	44	82.8	162.8	125	0
boy2	3	404	1	13.3	90	31.6	130.3	27.5	68	88.6	172.9	230	1
girl2	4	398	1	14.3	88.4	38.8	134.1	31.1	57	77.8	165.3	138	0
boy3	5	392	1	17.2	87.7	34.6	134.6	30.6	87	73.7	178.4	227	1
boy4	6	391	1	11.5	82.2	26	128.5	26.5	45	78.2	172.5	152	1
girl3	7	390	1	13.3	88.6	34.4	140.3	31.2	88	65.3	169.2	142	0
girl4	8	388	1	12.6	83.8	33	136.5	29	57	71.2	169.6	107	0
girl5	9	386	1	11.1	85.1	36	139.4	28.2	64	69.6	163.7	108	0
girl6	10	384	1	13.2	94	41.6	142	31	56	68.1	168.6	142	0
boy5	11	380	1	14.2	91.4	43.1	146	32.4	98	83.1	183.5	226	1
girl7	12	379	1	15.9	89.2	42.4	140.8	32.6	74	63.1	169.2	142	0
girl8	13	378	1	10.9	85.1	28.1	129	27.4	48	56	157.1	101	0
boy7	14	373	1	13.2	83.8	30.1	133.2	27.6	70	66.5	174.6	189	1
boy8	15	370	1	11.9	88.1	29.8	136	26.7	77	68.2	181.8	215	1
boy9	16	369	1	12.6	86.4	30.1	136.5	26.6	64	76.3	183.7	216	1
boy10	17	368	1	13.7	89.6	34.6	139	28.9	71	75.2	177.6	204	1
girl9	18	367	1	13.5	86.1	33.3	138.4	29.4	73	64.9	169.2	141	0
boy11	19	366	1	14.2	88.4	31.1	138.3	27.3	59	70.8	185.2	208	1
boy12	20	365	1	14.3	86.4	30.7	133.3	27.3	73	72.2	177	237	1
girl10	21	362	1	11.8	88.6	27	134	26.5	54	56.3	166.2	135	0
boy13	22	361	1	12.7	91.4	31	144.3	26	73	79.4	195.1	252	1
girl11	23	358	1	12.6	88.2	33.8	144.8	28.3	107	62.6	176	168	0
girl12	24	357	1	13.4	86.9	38.2	143.8	29.8	78	65.9	172	132	0
girl13	25	355	1	13.2	89.7	28.5	135.8	25.5	76	61.7	167.2	122	0
boy15	26	354	1	14.3	90.6	30.2	135.8	26.7	70	65.6	180.2	177	1
boy16	27	353	1	13.4	92.2	31.1	139.9	27.2	63	66.4	189	186	1
girl14	28	348	1	12.4	86.4	30.5	131.9	28.6	59	52.4	164	121	0
girl15	29	345	1	12.7	91.4	29.8	135.5	27	57	67.4	173.5	123	0
boy17	30	343	1	11.5	89.7	29	138.6	24.6	61	67.7	180.7	164	1
girl17	31	342	1	12.7	88.6	27.5	139.4	25.7	68	64.5	181.1	149	0
girl18	32	341	1	13.2	88.7	28.8	133.6	26.5	58	55.6	168.1	104	0
girl19	33	340	1	12.7	94	27.7	136.1	26.7	30	56.3	175.6	114	0
boy19	34	339	1	16.9	91	37.9	145.6	29	61	70.5	190.4	183	1
girl20	35	338	1	11.8	88.9	32.2	137.1	28.2	59	52.4	165.6	136	0
boy20	36	335	1	12.2	87.1	27.6	136.8	25.8	73	59	182.4	199	1
girl22	37	334	1	10.6	81.8	25	126.3	25	50	52.8	153.6	140	0
boy21	38	333	1	12.7	87.4	27	132.4	26	74	57.3	173.8	193	1
girl23	39	330	1	13.4	86.4	39	130.9	29.3	38	58.4	161.6	107	0
girl24	40	328	1	16.3	94	36.2	139.5	28	52	59.3	170.1	122	0
girl25	41	327	1	15.4	89.7	29.4	133.6	26.6	58	56.8	166.7	118	0
girl26	42	324	1	11.3	83	23.9	125.6	24.5	22	53	158.4	112	0
girl27	43	322	1	12.2	80.9	26.6	123.5	27.2	40	47.4	154.5	112	0
boy22	44	316	1	11.4	84.2	25.9	133.7	25.8	68	50.3	172.6	202	1
boy23	45	310	1	12.7	86.7	24.5	128.9	24.2	63	55.7	171.5	200	1
girl28	46	300	1	10.2	82.2	23.4	129.8	22.6	60	49.8	164.2	128	0
