prf 51 5
prof1	1	38045	1	1	1	1	1	1	
prof2	2	36350	1	1	1	1	0	1	
prof3	3	35350	1	1	1	1	0	1	
prof4	4	33696	1	1	1	1	0	0	
prof5	5	32850	1	1	1	1	0	0	
prof6	6	31909	1	1	1	1	0	1	
prof7	7	31850	1	1	1	1	0	0	
prof8	8	31114	1	1	1	1	0	1	
prof9	9	29342	1	1	1	1	0	1	
prof10	10	28516	1	1	1	1	0	1	
prof11	11	28200	1	1	1	1	0	1	
prof12	12	27959	1	1	1	0	0	1	
prof13	13	27025	1	1	1	1	0	1	
prof14	14	26775	1	1	1	1	1	1	
prof15	15	26182	1	1	0	0	0	0	
prof16	16	25748	1	1	1	1	0	1	
prof17	17	25500	1	1	0	1	1	1	
prof18	18	25400	1	1	0	1	0	1	
prof19	19	24900	1	1	0	1	1	0	
prof20	20	24832	1	1	1	0	0	1	
prof21	21	24800	1	1	1	0	0	1	
prof22	22	24750	1	1	1	1	0	1	
prof23	23	24742	1	1	1	0	0	0	
prof24	24	24450	1	1	0	1	0	0	
prof25	25	23725	1	1	0	1	0	0	
prof26	26	23713	1	0	1	0	0	0	
prof27	27	23712	1	1	1	1	0	0	
prof28	28	23300	1	1	1	1	0	0	
prof29	29	22906	1	1	1	1	0	0	
prof30	30	22450	1	1	0	1	1	0	
prof31	31	21600	1	0	1	1	1	0	
prof32	32	20999	1	1	0	0	0	1	
prof33	33	20850	1	1	0	0	0	1	
prof34	34	20690	1	1	0	1	1	0	
prof35	35	20525	1	1	1	1	0	0	
prof36	36	20300	1	0	0	0	1	1	
prof37	37	19175	1	0	1	1	0	0	
prof38	38	18304	1	0	1	0	1	1	
prof39	39	18075	1	0	0	0	0	1	
prof40	40	18000	1	0	0	0	0	0	
prof41	41	17600	1	0	0	0	0	1	
prof42	42	17250	1	0	0	0	1	1	
prof43	43	17095	1	0	0	0	0	1	
prof44	44	16700	1	0	0	0	0	1	
prof45	45	16686	1	0	0	0	1	1	
prof46	46	16500	1	0	0	0	0	1	
prof47	47	16244	1	0	0	0	0	1	
prof48	48	16150	1	0	0	0	1	1	
prof49	49	16094	1	0	0	0	0	1	
prof50	50	15350	1	0	0	0	1	1	
prof51	51	15000	1	0	0	0	1	1	
