xbt	150     18
-Eddie_Murray   1       2460    1       495     0.515358362     0.058020478     0.208191126     0.28668942      0.266211604     10      5624    5.730375427     0.938566553     3.017064846     3.464163823     2.419795222     1045    88      13      1       0
-Jim_Rice       2       2412.5  1       618     0.682593857     0.068259386     0.33447099      0.375426621     0.211604096     13      7127    7.38225256      1.197952218     3.767918089     4.399317406     1.924914676     330     16      8       1       0
-Mike_Schmidt   3       2127.333        1       20      0.003412969     0       0       0       0       2       41      0.030716724     0.006825939     0.020477816     0.023890785     0.013651877     78      220     6       0       0
-Don_Mattingly  4       1975    1       677     0.812286689     0.105802048     0.399317406     0.385665529     0.180887372     5       2223    2.515358362     0.317406143     1.19112628      1.368600683     0.583617747     1377    100     6       1       0
-Ozzie_Smith    5       1940    1       514     0.491467577     0       0.228668942     0.184300341     0.269624573     9       4739    3.989761092     0.044368601     1.989761092     1.276450512     1.802047782     229     453     15      0       0
-Gary_Carter    6       1925.571        1       490     0.42662116      0.081911263     0.276450512     0.358361775     0.211604096     13      6063    5.61774744      0.924914676     2.890784983     3.409556314     2.320819113     869     62      8       0       0
-Dale_Murphy    7       1900    1       614     0.556313993     0.098976109     0.303754266     0.283276451     0.255972696     11      5017    4.737201365     0.907849829     2.774744027     2.805460751     2.105802048     303     6       6       0       0
-Dave_Winfield  8       1861.46 1       565     0.505119454     0.081911263     0.307167235     0.354948805     0.262798635     14      7287    7.109215017     1.040955631     3.873720137     4.211604096     2.699658703     292     9       5       1       0
-Keith_Hernandez        9       1800    1       551     0.583617747     0.044368601     0.320819113     0.283276451     0.320819113     13      6090    6.279863481     0.436860068     3.307167235     3.071672355     3.129692833     1199    149     5       0       0
-Rickey_Henderson       10      1670    1       608     0.546075085     0.09556314      0.443686007     0.252559727     0.303754266     8       4071    4.034129693     0.351535836     2.941979522     1.423208191     2.416382253     426     4       6       1       0
-Wade_Boggs     11      1600    1       580     0.706484642     0.027303754     0.365187713     0.242320819     0.358361775     5       2778    3.337883959     0.109215017     1.61774744      1.098976109     1.423208191     121     267     19      1       0
-George_Brett   12      1500    1       441     0.436860068     0.054607509     0.23890785      0.249146758     0.273037543     14      6675    7.150170648     0.71331058      3.658703072     3.583617747     2.372013652     97      218     16      1       0
-Steve_Garvey   13      1450    1       557     0.484641638     0.071672355     0.197952218     0.276450512     0.078498294     18      8759    8.815699659     0.924914676     3.883959044     4.433447099     1.631399317     1160    53      7       0       0
-Cal_Ripken     14      1350    1       627     0.604095563     0.085324232     0.33447099      0.276450512     0.23890785      6       3210    3.163822526     0.453924915     1.805460751     1.610921502     1.068259386     240     482     13      1       0
-Kent_Hrbek     15      1310    1       550     0.501706485     0.098976109     0.290102389     0.310580205     0.242320819     6       2816    2.781569966     0.399317406     1.38225256      1.61774744      1.088737201     1218    104     10      1       0
-Jack_Clark     16      1300    1       232     0.187713311     0.030716724     0.116040956     0.078498294     0.153583618     12      4405    4.139931741     0.662116041     2.395904437     2.406143345     2.133105802     623     35      3       0       0
-Paul_Molitor   17      1260    1       437     0.419795222     0.030716724     0.211604096     0.187713311     0.136518771     9       4139    4.105802048     0.269624573     2.307167235     1.33105802      1.242320819     82      170     15      1       0
-Jesse_Barfield 18      1237.5  1       589     0.580204778     0.136518771     0.365187713     0.368600683     0.235494881     6       2325    2.163822526     0.436860068     1.266211604     1.283276451     0.812286689     368     20      3       1       0
-Darryl_Strawberry      19      1220    1       475     0.419795222     0.092150171     0.259385666     0.317406143     0.245733788     4       1810    1.607508532     0.368600683     0.996587031     1.170648464     0.911262799     226     10      6       0       0
-Carney_Lansford        20      1200    1       591     0.57337884      0.064846416     0.273037543     0.245733788     0.133105802     9       4478    4.460750853     0.385665529     2.163822526     1.921501706     1.088737201     67      147     4       1       0
-Leon_Durham    21      1183.333        1       484     0.433447099     0.068259386     0.225255973     0.221843003     0.228668942     7       3006    2.880546075     0.395904437     1.488054608     1.563139932     1.28668942      1231    80      7       0       0
-George_Bell    22      1175    1       641     0.675767918     0.105802048     0.344709898     0.368600683     0.139931741     5       2129    2.081911263     0.313993174     1.013651877     1.088737201     0.399317406     269     17      10      1       0
-Tony_Pena      23      1150    1       510     0.501706485     0.034129693     0.19112628      0.177474403     0.180887372     7       2872    2.802047782     0.215017065     1.04778157      1.160409556     0.593856655     810     99      18      0       1
-Andre_Thornton 24      1100    1       401     0.313993174     0.058020478     0.167235495     0.225255973     0.221843003     13      5206    4.546075085     0.863481229     2.675767918     3.037542662     2.955631399     0       0       0       1       0
-Ron_Cey        25      1050    1       256     0.23890785      0.044368601     0.14334471      0.122866894     0.150170648     16      7058    6.296928328     1.064846416     3.293515358     3.849829352     3.37883959      41      118     8       1       1
-Keith_Moreland 26      1043.333        1       586     0.542662116     0.040955631     0.245733788     0.269624573     0.180887372     9       3082    3.003412969     0.283276451     1.23890785      1.627986348     1.006825939     181     13      4       0       0
-Dave_Parker    27      1041.667        1       637     0.593856655     0.105802048     0.303754266     0.395904437     0.19112628      14      6727    6.907849829     0.843003413     3.337883959     3.730375427     1.689419795     278     9       9       0       0
-Jody_Davis     28      1008.333        1       528     0.450511945     0.071672355     0.208191126     0.252559727     0.139931741     6       2641    2.290102389     0.33105802      0.931740614     1.307167235     0.771331058     885     105     8       0       0
-Ken_Griffey    29      1000    1       490     0.511945392     0.071672355     0.235494881     0.197952218     0.119453925     14      6126    6.276450512     0.412969283     3.354948805     2.412969283     2.04778157      96      5       3       0       1
-Willie_Upshaw  30      960     1       573     0.491467577     0.030716724     0.290102389     0.204778157     0.266211604     8       3198    2.924914676     0.33105802      1.604095563     1.433447099     1.133105802     1314    131     12      1       0
-Don_Baylor     31      950     1       585     0.47440273      0.105802048     0.317406143     0.320819113     0.211604096     17      7546    6.764505119     1.075085324     3.894197952     4.023890785     2.481228669     0       0       0       1       0
-Tom_Brunansky  32      940     1       593     0.518771331     0.078498294     0.235494881     0.255972696     0.180887372     6       2765    2.341296928     0.453924915     1.259385666     1.310580205     1.09556314      315     10      6       1       0
-Dwight_Evans   33      933.333 1       529     0.467576792     0.088737201     0.293515358     0.33105802      0.33105802      15      6661    6.092150171     0.993174061     3.692832765     3.23890785      3.375426621     280     10      5       1       0
-Tommy_Herr     34      925     1       559     0.481228669     0.006825939     0.163822526     0.208191126     0.249146758     8       3162    2.982935154     0.054607509     1.436860068     1.19112628      1.225255973     352     414     9       0       0
-Terry_Kennedy  35      920     1       19      0.013651877     0.003412969     0.006825939     0.010238908     0.003412969     1       19      0.013651877     0.003412969     0.006825939     0.010238908     0.003412969     692     70      8       1       1
-Brian_Downing  36      900     1       513     0.467576792     0.068259386     0.307167235     0.324232082     0.307167235     14      5201    4.716723549     0.566552901     2.604095563     2.505119454     2.675767918     267     5       3       1       0
-Carlton_Fisk   37      875     1       457     0.344709898     0.04778157      0.14334471      0.215017065     0.075085324     17      6521    6.030716724     0.959044369     3.423208191     3.33447099      2.112627986     389     39      4       1       0
-Bill_Madlock   38      850     1       379     0.361774744     0.034129693     0.129692833     0.204778157     0.102389078     14      6207    6.505119454     0.498293515     2.931740614     2.740614334     1.948805461     72      170     24      0       0
-Jim_Sundberg   39      825     1       429     0.310580205     0.040955631     0.139931741     0.14334471      0.194539249     13      5590    4.767918089     0.283276451     1.972696246     1.976109215     2.197952218     686     46      4       0       1
-Chili_Davis    40      815     1       526     0.498293515     0.044368601     0.242320819     0.23890785      0.28668942      6       2648    2.440273038     0.262798635     1.201365188     1.167235495     0.986348123     303     9       9       0       0
-Lance_Parrish  41      800     1       327     0.28668942      0.075085324     0.180887372     0.211604096     0.129692833     10      4273    3.832764505     0.723549488     1.969283276     2.389078498     1.139931741     483     48      6       0       1
-Lloyd_Moseby   42      787.5   1       589     0.508532423     0.071672355     0.303754266     0.293515358     0.218430034     7       3558    3.167235495     0.348122867     1.750853242     1.607508532     1.197952218     371     6       6       1       0
-Mike_Davis     43      780     1       489     0.447098976     0.064846416     0.262798635     0.187713311     0.116040956     7       2051    1.873720137     0.211604096     1.023890785     0.897610922     0.5221843       310     9       9       1       0
-Bill_Buckner   44      776.667 1       629     0.57337884      0.061433447     0.249146758     0.348122867     0.136518771     18      8424    8.409556314     0.559726962     3.440273038     3.658703072     1.372013652     1067    157     14      1       0
-Buddy_Bell     45      775     1       568     0.539249147     0.068259386     0.303754266     0.255972696     0.249146758     15      8068    7.757679181     0.604095563     3.566552901     3.389078498     2.498293515     105     290     10      0       0
-Jose_Cruz      46      773.333 1       479     0.453924915     0.034129693     0.163822526     0.245733788     0.187713311     17      7472    7.327645051     0.5221843       3.344709898     3.5221843       2.914675768     237     5       4       0       0
-Brett_Butler   47      765     1       587     0.556313993     0.013651877     0.313993174     0.174061433     0.23890785      6       2695    2.549488055     0.058020478     1.508532423     0.675767918     1.081911263     434     9       3       1       0
-Alfredo_Griffin        48      750     1       594     0.576791809     0.013651877     0.252559727     0.174061433     0.119453925     11      4408    3.866894198     0.064846416     1.709897611     1.146757679     0.662116041     282     421     25      1       0
-Ryne_Sandberg  49      740     1       627     0.607508532     0.04778157      0.232081911     0.259385666     0.156996587     6       3146    3.078498294     0.252559727     1.686006826     1.177474403     0.825938567     309     492     5       0       0
-Garry_Templeton        50      737.5   1       510     0.43003413      0.006825939     0.14334471      0.150170648     0.119453925     11      5562    5.385665529     0.150170648     2.399317406     1.771331058     0.873720137     207     358     20      0       0
-Gary_Matthews  51      733.333 1       370     0.327645051     0.071672355     0.167235495     0.156996587     0.204778157     15      6986    6.730375427     0.788395904     3.651877133     3.259385666     3.14334471      137     5       9       0       0
-Ken_Oberkfell  52      725     1       503     0.464163823     0.017064846     0.211604096     0.163822526     0.283276451     10      3423    3.310580205     0.068259386     1.392491468     1.034129693     1.412969283     65      258     8       0       0
-Bob_Dernier    53      708.333 1       324     0.249146758     0.013651877     0.109215017     0.061433447     0.075085324     7       1931    1.675767918     0.044368601     0.993174061     0.368600683     0.614334471     222     3       3       0       0
-Alan_Wiggins   54      700     1       239     0.204778157     0       0.102389078     0.037542662     0.075085324     6       1941    1.740614334     0.013651877     1.054607509     0.351535836     0.706484642     121     151     6       1       0
-Chet_Lemon     55      675     1       403     0.344709898     0.040955631     0.153583618     0.180887372     0.133105802     12      5150    4.877133106     0.566552901     2.549488055     2.273037543     1.795221843     316     6       5       1       0
-Mike_Marshall  56      670     1       330     0.262798635     0.064846416     0.160409556     0.180887372     0.092150171     6       1928    1.76109215      0.307167235     0.843003413     0.982935154     0.549488055     149     8       6       0       0
-Glenn_Wilson   57      662.5   1       584     0.539249147     0.051194539     0.23890785      0.28668942      0.14334471      5       2358    2.170648464     0.197952218     0.90443686      1.078498294     0.457337884     331     20      4       0       0
-Johnny_Ray     58      657     1       579     0.593856655     0.023890785     0.228668942     0.266211604     0.197952218     6       3053    3.003412969     0.109215017     1.249146758     1.150170648     0.744027304     280     479     5       0       0
-Mike_Heath     59      650     1       288     0.221843003     0.027303754     0.102389078     0.122866894     0.092150171     9       2815    2.38225256      0.187713311     1.075085324     1.109215017     0.645051195     259     30      10      1       1
-Juan_Samuel    60      640     1       591     0.535836177     0.054607509     0.307167235     0.266211604     0.088737201     4       2020    1.846416382     0.177474403     1.058020478     0.771331058     0.310580205     290     440     25      0       0
-Kevin_Bass     61      630     1       591     0.627986348     0.068259386     0.283276451     0.269624573     0.129692833     5       1689    1.576791809     0.136518771     0.747440273     0.66552901      0.279863481     303     12      5       0       0
-Bill_Doran     62      625     1       550     0.518771331     0.020477816     0.313993174     0.126279863     0.276450512     5       2308    2.160409556     0.109215017     1.19112628      0.62116041      1.051194539     262     329     16      0       0
-Brook_Jacoby   63      612.5   1       583     0.57337884      0.058020478     0.283276451     0.273037543     0.19112628      5       1646    1.542662116     0.150170648     0.747440273     0.709897611     0.464163823     109     292     25      1       0
-Bob_Brenly     64      600     1       472     0.395904437     0.054607509     0.204778157     0.211604096     0.252559727     6       1924    1.66894198      0.228668942     0.825938567     0.85665529      0.819112628     518     55      3       0       0
-Denny_Walling  65      595     1       382     0.406143345     0.044368601     0.184300341     0.197952218     0.122866894     12      2133    2.027303754     0.139931741     0.979522184     1.003412969     0.774744027     59      156     9       0       0
-Larry_Parrish  66      587.5   1       464     0.436860068     0.09556314      0.228668942     0.320819113     0.177474403     13      5829    5.296928328     0.716723549     2.52559727      2.866894198     1.542662116     0       0       0       1       0
-Pat_Tabler     67      580     1       473     0.52559727      0.020477816     0.208191126     0.163822526     0.098976109     6       1966    1.931740614     0.098976109     0.853242321     0.860068259     0.607508532     846     84      9       1       0
-Marty_Barrett  68      575     1       625     0.610921502     0.013651877     0.320819113     0.204778157     0.221843003     5       1696    1.624573379     0.040955631     0.737201365     0.556313993     0.566552901     303     450     14      1       0
-Ron_Hassey     69      560     1       341     0.375426621     0.030716724     0.153583618     0.167235495     0.156996587     9       2331    2.245733788     0.170648464     0.849829352     1.098976109     0.935153584     251     9       4       1       1
-Andy_Van_Slyke 70      550     1       418     0.385665529     0.044368601     0.163822526     0.208191126     0.160409556     4       1512    1.337883959     0.139931741     0.699658703     0.696245734     0.692832765     211     11      7       0       1
-Darrell_Evans  71      535     1       507     0.416382253     0.098976109     0.266211604     0.290102389     0.310580205     18      7761    6.645051195     1.184300341     4.010238908     3.931740614     4.709897611     808     108     2       1       0
-Tony_Bernazard 72      530     1       562     0.576791809     0.058020478     0.300341297     0.249146758     0.180887372     8       3181    2.870307167     0.208191126     1.535836177     1.167235495     1.273037543     351     442     17      1       0
-Lee_Lacy       73      525     1       491     0.481228669     0.037542662     0.262798635     0.160409556     0.126279863     15      4291    4.232081911     0.28668942      2.098976109     1.467576792     1.160409556     239     8       2       1       0
-Alan_Trammell  74      517.143 1       574     0.542662116     0.071672355     0.365187713     0.255972696     0.201365188     10      4631    4.436860068     0.307167235     2.395904437     1.720136519     1.66552901      238     445     22      1       0
-Alex_Trevino   75      512.5   1       202     0.180887372     0.013651877     0.105802048     0.088737201     0.092150171     9       1876    1.593856655     0.051194539     0.655290102     0.634812287     0.549488055     304     45      11      0       0
-Andre_Dawson   76      500     1       496     0.481228669     0.068259386     0.221843003     0.266211604     0.126279863     11      5628    5.375426621     0.767918089     2.825938567     2.860068259     1.208191126     200     11      3       0       1
-Eddie_Milner   77      490     1       424     0.375426621     0.051194539     0.23890785      0.160409556     0.122866894     7       2130    1.85665529      0.129692833     1.14334471      0.593856655     0.880546075     292     6       3       0       1
-Reggie_Jackson 78      487.5   1       419     0.344709898     0.061433447     0.221843003     0.197952218     0.313993174     20      9528    8.566552901     1.870307167     5.150170648     5.662116041     4.580204778     0       0       0       1       1
-Alvin_Davis    79      480     1       479     0.443686007     0.061433447     0.225255973     0.245733788     0.259385666     3       1624    1.559726962     0.215017065     0.764505119     0.907849829     0.897610922     880     82      14      1       0
-Alan_Ashby     80      475     1       315     0.276450512     0.023890785     0.081911263     0.129692833     0.133105802     14      3449    2.849829352     0.235494881     1.09556314      1.412969283     1.279863481     632     43      10      0       0
-Davey_Lopes    81      450     1       255     0.23890785      0.023890785     0.167235495     0.119453925     0.146757679     15      6311    5.66894198      0.52559727      3.4778157       2.075085324     2.798634812     51      54      8       0       1
-Don_Slaught    82      431.5   1       314     0.283276451     0.044368601     0.133105802     0.156996587     0.054607509     5       1457    1.38225256      0.09556314      0.532423208     0.542662116     0.259385666     533     40      4       1       0
-Juan_Beniquez  83      430     1       343     0.351535836     0.020477816     0.163822526     0.122866894     0.136518771     15      4338    4.071672355     0.23890785      1.982935154     1.436860068     1.109215017     211     56      13      1       1
-Ron_Kittle     84      425     1       376     0.279863481     0.071672355     0.14334471      0.204778157     0.119453925     5       1770    1.392491468     0.392491468     0.812286689     1.020477816     0.535836177     0       0       0       1       1
-Lou_Whitaker   85      420     1       584     0.535836177     0.068259386     0.324232082     0.249146758     0.215017065     10      4704    4.505119454     0.317406143     2.470989761     1.781569966     1.965870307     276     421     11      1       0
-Craig_Reynolds 86      416.667 1       313     0.266211604     0.020477816     0.109215017     0.139931741     0.040955631     12      3742    3.303754266     0.119453925     1.395904437     1.09556314      0.580204778     106     206     7       0       0
-Candy_Maldonado        87      415     1       405     0.348122867     0.061433447     0.167235495     0.290102389     0.068259386     6       950     0.788395904     0.098976109     0.337883959     0.470989761     0.218430034     161     10      3       0       0
-Gary_Pettis    88      400     1       539     0.47440273      0.017064846     0.317406143     0.197952218     0.235494881     5       1469    1.259385666     0.040955631     0.843003413     0.43003413      0.675767918     462     9       7       1       0
-Greg_Brock     89      385     1       325     0.259385666     0.054607509     0.112627986     0.177474403     0.126279863     5       1506    1.197952218     0.242320819     0.66552901      0.747440273     0.730375427     726     87      3       1       1
-Ed_Romero      90      375     1       233     0.167235495     0.006825939     0.139931741     0.078498294     0.061433447     8       1350    1.146757679     0.023890785     0.566552901     0.416382253     0.361774744     102     132     10      1       0
-Johnny_Grubb   91      365     1       210     0.23890785      0.044368601     0.109215017     0.174061433     0.09556314      15      4040    3.85665529      0.33105802      1.85665529      1.576791809     1.880546075     0       0       0       1       0
-Garth_Iorg     92      362.5   1       327     0.290102389     0.010238908     0.102389078     0.150170648     0.068259386     8       2140    1.938566553     0.054607509     0.737201365     0.709897611     0.317406143     91      185     12      1       0
-Mike_Young     93      350     1       369     0.317406143     0.030716724     0.146757679     0.14334471      0.167235495     5       1258    1.102389078     0.184300341     0.61774744      0.604095563     0.535836177     149     1       6       1       0
-Rob_Wilfong    94      341.667 1       288     0.215017065     0.010238908     0.085324232     0.112627986     0.054607509     10      2682    2.276450512     0.129692833     1.075085324     0.883959044     0.696245734     135     257     7       1       0
-Carmelo_Martinez       95      340     1       244     0.197952218     0.030716724     0.09556314      0.085324232     0.119453925     4       1335    1.136518771     0.167235495     0.559726962     0.610921502     0.662116041     142     14      2       0       0
-Tim_Flannery   96      326.667 1       368     0.351535836     0.010238908     0.163822526     0.09556314      0.184300341     8       1897    1.682593857     0.030716724     0.706484642     0.552901024     0.675767918     209     246     3       0       0
-Dave_Henderson 97      325     1       388     0.351535836     0.051194539     0.201365188     0.160409556     0.133105802     6       2174    1.894197952     0.273037543     0.972696246     0.935153584     0.634812287     182     9       4       1       1
-Dave_Concepcion        98      320     1       311     0.276450512     0.010238908     0.14334471      0.102389078     0.088737201     17      8247    7.501706485     0.341296928     3.242320819     3.102389078     2.354948805     153     223     10      0       1
-Chris_Bando    99      305     1       254     0.232081911     0.006825939     0.09556314      0.088737201     0.075085324     6       999     0.805460751     0.071672355     0.368600683     0.399317406     0.402730375     359     30      4       1       0
-Bob_Kearney    100     300     1       204     0.167235495     0.020477816     0.078498294     0.085324232     0.040955631     7       1309    1.051194539     0.092150171     0.43003413      0.450511945     0.225255973     419     46      5       1       0
-Howard_Johnson 101     297.5   1       220     0.184300341     0.034129693     0.102389078     0.133105802     0.105802048     5       1185    1.020477816     0.136518771     0.494880546     0.52559727      0.436860068     50      136     20      0       0
-Tito_Landrum   102     286.667 1       205     0.146757679     0.006825939     0.081911263     0.058020478     0.068259386     7       854     0.747440273     0.040955631     0.358361775     0.337883959     0.242320819     131     6       1       0       0
-Jim_Morrison   103     277.5   1       537     0.501706485     0.078498294     0.197952218     0.300341297     0.160409556     10      2744    2.491467577     0.33105802      1.030716724     1.197952218     0.593856655     92      257     20      0       0
-Chris_Speier   104     275     1       155     0.150170648     0.020477816     0.071672355     0.078498294     0.051194539     16      6631    5.576791809     0.33447099      2.38225256      2.255972696     2.651877133     53      88      3       0       1
-Len_Matuszek   105     265     1       199     0.177474403     0.030716724     0.088737201     0.09556314      0.071672355     6       805     0.651877133     0.102389078     0.385665529     0.406143345     0.296928328     235     22      5       0       0
-Darrell_Porter 106     260     1       155     0.139931741     0.040955631     0.071672355     0.098976109     0.075085324     16      5409    4.566552901     0.61774744      2.546075085     2.747440273     2.986348123     165     9       1       1       0
-Joe_Carter     107     250     1       663     0.682593857     0.098976109     0.368600683     0.412969283     0.109215017     4       1447    1.37883959      0.194539249     0.716723549     0.757679181     0.232081911     241     8       6       1       0
-Carmen_Castillo        108     247.5   1       205     0.194539249     0.027303754     0.116040956     0.109215017     0.030716724     5       756     0.655290102     0.109215017     0.399317406     0.365187713     0.174061433     58      4       4       1       0
-Tim_Laudner    109     245     1       193     0.160409556     0.034129693     0.071672355     0.098976109     0.081911263     6       1136    0.873720137     0.14334471      0.440273038     0.47440273      0.361774744     299     13      5       1       0
-Bill_Almon     110     240     1       196     0.146757679     0.023890785     0.098976109     0.092150171     0.102389078     13      3231    2.815699659     0.122866894     1.283276451     0.989761092     0.812286689     80      45      8       0       0
-Tom_Paciorek   111     235     1       213     0.208191126     0.013651877     0.058020478     0.075085324     0.010238908     17      4061    3.907849829     0.283276451     1.66552901      1.675767918     0.832764505     178     45      4       1       0
-Curt_Wilkerson 112     230     1       236     0.19112628      0       0.092150171     0.051194539     0.037542662     4       1115    0.921501706     0.003412969     0.395904437     0.218430034     0.194539249     125     199     13      1       0
-Dave_Anderson  113     225     1       216     0.180887372     0.003412969     0.105802048     0.051194539     0.075085324     4       926     0.716723549     0.030716724     0.402730375     0.235494881     0.389078498     73      152     11      0       0
-Chris_Brown    114     215     1       416     0.450511945     0.023890785     0.194539249     0.167235495     0.112627986     3       932     0.931740614     0.081911263     0.385665529     0.412969283     0.273037543     73      177     18      0       0
-Dan_Gladden    115     210     1       351     0.33105802      0.013651877     0.187713311     0.098976109     0.133105802     4       1258    1.204778157     0.054607509     0.66894198      0.375426621     0.399317406     226     7       3       1       1
-Len_Dykstra    116     202.5   1       431     0.433447099     0.027303754     0.262798635     0.153583618     0.197952218     2       667     0.638225256     0.030716724     0.399317406     0.218430034     0.300341297     283     8       3       0       0
-Graig_Nettles  117     200     1       354     0.262798635     0.054607509     0.122866894     0.187713311     0.139931741     20      8716    7.412969283     1.310580205     4       4.324232082     3.607508532     83      174     16      0       1
-Jose_Uribe     118     195     1       453     0.344709898     0.010238908     0.156996587     0.146757679     0.208191126     3       948     0.744027304     0.020477816     0.327645051     0.245733788     0.310580205     249     444     16      0       0
-Ron_Roenicke   119     191     1       275     0.232081911     0.017064846     0.14334471      0.14334471      0.208191126     6       961     0.812286689     0.054607509     0.436860068     0.354948805     0.587030717     181     3       2       0       0
-Pat_Sheridan   120     190     1       236     0.19112628      0.020477816     0.139931741     0.064846416     0.071672355     5       1257    1.122866894     0.081911263     0.566552901     0.42662116      0.358361775     172     1       4       1       0
-Tim_Hulett     121     185     1       520     0.409556314     0.058020478     0.180887372     0.150170648     0.071672355     4       927     0.774744027     0.075085324     0.361774744     0.273037543     0.177474403     70      144     11      1       0
-Bill_Schroeder 122     180     1       217     0.156996587     0.023890785     0.109215017     0.064846416     0.030716724     4       694     0.546075085     0.109215017     0.293515358     0.259385666     0.109215017     307     25      1       1       0
-Buddy_Biancalana       123     175     1       190     0.156996587     0.006825939     0.081911263     0.027303754     0.051194539     5       479     0.348122867     0.017064846     0.221843003     0.078498294     0.133105802     102     177     16      1       0
-Pete_Incaviglia        124     172     1       540     0.460750853     0.102389078     0.279863481     0.300341297     0.187713311     1       540     0.460750853     0.102389078     0.279863481     0.300341297     0.187713311     157     6       14      1       0
-Jose_Canseco   125     165     1       600     0.491467577     0.112627986     0.290102389     0.399317406     0.221843003     2       696     0.590443686     0.129692833     0.344709898     0.443686007     0.235494881     319     4       14      1       0
-Terry_Pendleton        126     160     1       578     0.470989761     0.003412969     0.19112628      0.201365188     0.116040956     3       1399    1.218430034     0.023890785     0.508532423     0.549488055     0.296928328     133     371     20      0       0
-Greg_Gagne     127     155     1       472     0.402730375     0.040955631     0.215017065     0.184300341     0.102389078     4       793     0.638225256     0.04778157      0.348122867     0.273037543     0.170648464     228     377     26      1       0
-Mariano_Duncan 128     150     1       407     0.317406143     0.027303754     0.160409556     0.102389078     0.102389078     2       969     0.784982935     0.04778157      0.412969283     0.235494881     0.232081911     172     317     25      0       0
-Danny_Tartabull        129     145     1       511     0.470989761     0.085324232     0.259385666     0.327645051     0.208191126     3       592     0.559726962     0.09556314      0.296928328     0.375426621     0.242320819     157     7       8       1       1
-Milt_Thompson  130     140     1       299     0.255972696     0.020477816     0.129692833     0.078498294     0.088737201     3       580     0.546075085     0.027303754     0.242320819     0.112627986     0.150170648     212     1       2       0       0
-Mark_Salas     131     137     1       258     0.204778157     0.027303754     0.09556314      0.112627986     0.061433447     3       638     0.580204778     0.058020478     0.273037543     0.255972696     0.122866894     358     32      8       1       0
-Bruce_Bochy    132     135     1       127     0.109215017     0.027303754     0.054607509     0.075085324     0.04778157      8       727     0.614334471     0.081911263     0.228668942     0.279863481     0.19112628      202     22      2       0       0
-Rafael_Belliard        133     130     1       309     0.245733788     0       0.112627986     0.105802048     0.088737201     5       354     0.279863481     0       0.139931741     0.109215017     0.088737201     117     269     12      0       0
-Kevin_Mitchell 134     125     1       328     0.310580205     0.040955631     0.174061433     0.146757679     0.112627986     2       342     0.320819113     0.040955631     0.174061433     0.150170648     0.112627986     145     59      8       0       1
-Mickey_Tettleton       135     120     1       211     0.146757679     0.034129693     0.088737201     0.119453925     0.133105802     3       498     0.395904437     0.04778157      0.201365188     0.187713311     0.266211604     463     32      8       1       0
-Bobby_Bonilla  136     115     1       426     0.372013652     0.010238908     0.187713311     0.146757679     0.211604096     1       426     0.372013652     0.010238908     0.187713311     0.146757679     0.211604096     361     22      2       0       1
-Billy_Hatcher  137     110     1       419     0.368600683     0.020477816     0.187713311     0.122866894     0.075085324     3       591     0.508532423     0.027303754     0.273037543     0.156996587     0.105802048     226     7       4       0       0
-Darnell_Coles  138     105     1       521     0.484641638     0.068259386     0.228668942     0.293515358     0.153583618     4       815     0.699658703     0.075085324     0.337883959     0.351535836     0.266211604     107     242     23      1       0
-Argenis_Salazar        139     100     1       298     0.249146758     0       0.081911263     0.081911263     0.023890785     3       509     0.368600683     0       0.139931741     0.126279863     0.040955631     121     283     9       1       0
-Ruben_Sierra   140     97.5    1       382     0.344709898     0.054607509     0.170648464     0.187713311     0.075085324     1       382     0.344709898     0.054607509     0.170648464     0.187713311     0.075085324     200     7       6       1       0
-Jack_Howell    141     95      1       151     0.139931741     0.013651877     0.088737201     0.071672355     0.064846416     2       288     0.232081911     0.030716724     0.153583618     0.133105802     0.119453925     28      56      2       1       0
-Andres_Galarraga       142     91.5    1       321     0.296928328     0.034129693     0.133105802     0.14334471      0.102389078     2       396     0.344709898     0.040955631     0.163822526     0.156996587     0.112627986     805     40      4       0       0
-Bob_Melvin     143     90      1       268     0.204778157     0.017064846     0.081911263     0.085324232     0.051194539     2       350     0.266211604     0.017064846     0.116040956     0.098976109     0.061433447     442     59      6       0       0
-Harold_Reynolds        144     87.5    1       445     0.337883959     0.003412969     0.156996587     0.081911263     0.098976109     4       618     0.440273038     0.003412969     0.245733788     0.105802048     0.163822526     278     415     16      1       0
-Kal_Daniels    145     86.5    1       181     0.197952218     0.020477816     0.116040956     0.078498294     0.075085324     1       181     0.197952218     0.020477816     0.116040956     0.078498294     0.075085324     88      0       3       0       0
-John_Moses     146     80      1       399     0.348122867     0.010238908     0.19112628      0.116040956     0.116040956     5       670     0.56996587      0.013651877     0.303754266     0.163822526     0.184300341     211     9       3       1       0
-Andres_Thomas  147     75      1       323     0.276450512     0.020477816     0.088737201     0.109215017     0.027303754     2       341     0.293515358     0.020477816     0.109215017     0.116040956     0.027303754     143     290     19      0       0
-Al_Newman      148     70      1       185     0.126279863     0.003412969     0.078498294     0.027303754     0.071672355     2       214     0.14334471      0.003412969     0.102389078     0.030716724     0.081911263     76      127     7       1       1
-Mike_Kingery   149     68      1       209     0.184300341     0.010238908     0.085324232     0.04778157      0.040955631     1       209     0.184300341     0.010238908     0.085324232     0.04778157      0.040955631     102     6       3       1       1
-Billy_Jo_Robidoux      150     67.5    1       181     0.139931741     0.003412969     0.051194539     0.071672355     0.112627986     2       232     0.170648464     0.013651877     0.068259386     0.098976109     0.153583618     326     29      5       1       0
