bat	150	18
-Eddie_Murray	1	2460	1	1	1	1	1	1	1	1	1	1	1	1	1	1	1	1	1	1	1	
-Jim_Rice	2	2412	1	1	1	1	1	1	1	1	1	1	1	1	1	1	1	0	1	1	1	
-Mike_Schmidt	3	2127	1	0	0	0	0	0	0	0	0	0	0	0	0	0	0	1	0	0	1	
-Don_Mattingly	4	1975	1	1	1	1	1	1	1	0	1	1	1	1	1	0	1	1	0	1	1	
-Ozzie_Smith	5	1940	1	1	1	0	1	1	1	1	1	1	0	1	1	1	1	1	1	0	1	
-Gary_Carter	6	1925	1	1	1	1	1	1	1	1	1	1	1	1	1	1	1	1	1	0	1	
-Dale_Murphy	7	1900	1	1	1	1	1	1	1	1	1	1	1	1	1	1	1	0	0	0	1	
-Dave_Winfield	8	1861	1	1	1	1	1	1	1	1	1	1	1	1	1	1	1	0	0	1	1	
-Keith_Hernandez	9	1800	1	1	1	1	1	1	1	1	1	1	1	1	1	1	1	1	0	0	1	
-Rickey_Henderson	10	1670	1	1	1	1	1	1	1	1	1	1	1	1	1	1	1	0	0	1	1	
-Wade_Boggs	11	1600	1	1	1	0	1	1	1	0	1	1	0	1	1	1	0	1	1	1	1	
-George_Brett	12	1500	1	1	1	1	1	1	1	1	1	1	1	1	1	1	0	1	1	1	1	
-Steve_Garvey	13	1450	1	1	1	1	1	1	0	1	1	1	1	1	1	1	1	1	1	0	1	
-Cal_Ripken	14	1350	1	1	1	1	1	1	1	1	1	1	1	1	1	1	1	1	1	1	1	
-Kent_Hrbek	15	1310	1	1	1	1	1	1	1	1	1	1	1	1	1	1	1	1	1	1	1	
-Jack_Clark	16	1300	1	0	0	0	0	0	1	1	1	1	1	1	1	1	1	0	0	0	1	
-Paul_Molitor	17	1260	1	1	1	0	1	1	1	1	1	1	1	1	1	1	0	1	1	1	1	
-Jesse_Barfield	18	1237	1	1	1	1	1	1	1	1	1	1	1	1	1	1	1	0	0	1	1	
-Darryl_Strawberry	19	1220	1	1	1	1	1	1	1	0	0	0	1	0	1	1	0	0	0	0	1	
-Carney_Lansford	20	1200	1	1	1	1	1	1	1	1	1	1	1	1	1	1	0	1	0	1	1	
-Leon_Durham	21	1183	1	1	1	1	1	1	1	1	1	1	1	1	1	1	1	1	1	0	1	
-George_Bell	22	1175	1	1	1	1	1	1	1	0	0	1	1	0	1	0	1	0	1	1	1	
-Tony_Pena	23	1150	1	1	1	1	1	1	1	1	1	1	1	1	1	0	1	1	1	0	1	
-Andre_Thornton	24	1100	1	0	0	1	0	1	1	1	1	1	1	1	1	1	0	0	0	1	1	
-Ron_Cey	25	1050	1	0	0	1	0	0	1	1	1	1	1	1	1	1	0	1	1	1	1	
-Keith_Moreland	26	1043	1	1	1	1	1	1	1	1	1	1	1	1	1	1	0	0	0	0	1	
-Dave_Parker	27	1041	1	1	1	1	1	1	1	1	1	1	1	1	1	1	1	0	1	0	1	
-Jody_Davis	28	1008	1	1	1	1	1	1	1	1	1	1	1	0	1	1	1	1	1	0	1	
-Ken_Griffey	29	1000	1	1	1	1	1	1	0	1	1	1	1	1	1	1	0	0	0	0	1	
-Willie_Upshaw	30	960	1	1	1	0	1	1	1	1	1	1	1	1	1	1	1	1	1	1	1	
-Don_Baylor	31	950	1	1	1	1	1	1	1	1	1	1	1	1	1	1	0	0	0	1	1	
-Tom_Brunansky	32	940	1	1	1	1	1	1	1	1	1	1	1	1	1	1	1	0	0	1	1	
-Dwight_Evans	33	933	1	1	1	1	1	1	1	1	1	1	1	1	1	1	1	0	0	1	1	
-Tommy_Herr	34	925	1	1	1	0	0	1	1	1	1	1	0	1	1	1	1	1	1	0	1	
-Terry_Kennedy	35	920	1	0	0	0	0	0	0	0	0	0	0	0	0	0	1	1	1	1	1	
-Brian_Downing	36	900	1	1	1	1	1	1	1	1	1	1	1	1	1	1	1	0	0	1	1	
-Carlton_Fisk	37	875	1	1	0	1	0	1	0	1	1	1	1	1	1	1	1	0	0	1	1	
-Bill_Madlock	38	850	1	0	0	1	0	1	0	1	1	1	1	1	1	1	0	1	1	0	1	
-Jim_Sundberg	39	825	1	1	0	1	0	0	1	1	1	1	1	1	1	1	1	1	0	0	1	
-Chili_Davis	40	815	1	1	1	1	1	1	1	1	1	1	1	1	1	1	1	0	1	0	1	
-Lance_Parrish	41	800	1	0	0	1	0	1	0	1	1	1	1	1	1	1	1	1	0	0	1	
-Lloyd_Moseby	42	787	1	1	1	1	1	1	1	1	1	1	1	1	1	1	1	0	0	1	1	
-Mike_Davis	43	780	1	1	1	1	1	1	0	1	0	0	1	1	0	0	1	0	1	1	1	
-Bill_Buckner	44	776	1	1	1	1	1	1	1	1	1	1	1	1	1	1	1	1	1	1	1	
-Buddy_Bell	45	775	1	1	1	1	1	1	1	1	1	1	1	1	1	1	0	1	1	0	1	
-Jose_Cruz	46	773	1	1	1	1	0	1	1	1	1	1	1	1	1	1	1	0	0	0	1	
-Brett_Butler	47	765	1	1	1	0	1	0	1	1	1	1	0	1	0	1	1	0	0	1	1	
-Alfredo_Griffin	48	750	1	1	1	0	1	0	0	1	1	1	0	1	1	0	1	1	1	1	1	
-Ryne_Sandberg	49	740	1	1	1	1	1	1	1	1	1	1	1	1	1	1	1	1	0	0	1	
-Garry_Templeton	50	737	1	1	1	0	0	0	0	1	1	1	0	1	1	1	0	1	1	0	1	
-Gary_Matthews	51	733	1	0	0	1	0	0	1	1	1	1	1	1	1	1	0	0	1	0	1	
-Ken_Oberkfell	52	725	1	1	1	0	1	0	1	1	1	1	0	1	1	1	0	1	1	0	1	
-Bob_Dernier	53	708	1	0	0	0	0	0	0	1	0	0	0	0	0	0	0	0	0	0	1	
-Alan_Wiggins	54	700	1	0	0	0	0	0	0	1	0	0	0	1	0	1	0	1	0	1	1	
-Chet_Lemon	55	675	1	0	0	1	0	1	1	1	1	1	1	1	1	1	1	0	0	1	1	
-Mike_Marshall	56	670	1	0	0	1	0	1	0	1	0	0	1	0	0	0	0	0	0	0	1	
-Glenn_Wilson	57	662	1	1	1	1	1	1	1	0	1	1	1	0	1	0	1	0	0	0	1	
-Johnny_Ray	58	657	1	1	1	0	1	1	1	1	1	1	0	1	1	1	1	1	0	0	1	
-Mike_Heath	59	650	1	0	0	0	0	0	0	1	1	1	1	1	1	0	1	0	1	1	1	
-Juan_Samuel	60	640	1	1	1	1	1	1	0	0	0	0	1	1	0	0	1	1	1	0	1	
-Kevin_Bass	61	630	1	1	1	1	1	1	0	0	0	0	0	0	0	0	1	0	0	0	1	
-Bill_Doran	62	625	1	1	1	0	1	0	1	0	1	1	0	1	0	1	1	1	1	0	1	
-Brook_Jacoby	63	612	1	1	1	1	1	1	1	0	0	0	0	0	0	0	0	1	1	1	1	
-Bob_Brenly	64	600	1	1	1	1	1	1	1	1	0	0	1	0	0	1	1	1	0	0	1	
-Denny_Walling	65	595	1	0	1	1	1	1	0	1	0	0	0	0	1	1	0	1	1	0	1	
-Larry_Parrish	66	587	1	1	1	1	1	1	1	1	1	1	1	1	1	1	0	0	0	1	1	
-Pat_Tabler	67	580	1	1	1	0	1	0	0	1	0	0	0	0	0	0	1	1	1	1	1	
-Marty_Barrett	68	575	1	1	1	0	1	1	1	0	0	0	0	0	0	0	1	1	1	1	1	
-Ron_Hassey	69	560	1	0	1	0	0	0	1	1	1	1	1	0	1	1	1	0	0	1	1	
-Andy_Van_Slyke	70	550	1	0	1	1	0	1	1	0	0	0	0	0	0	1	0	0	1	0	1	
-Darrell_Evans	71	535	1	1	1	1	1	1	1	1	1	1	1	1	1	1	1	1	0	1	1	
-Tony_Bernazard	72	530	1	1	1	1	1	1	1	1	1	1	1	1	1	1	1	1	1	1	1	
-Lee_Lacy	73	525	1	1	1	1	1	0	0	1	1	1	1	1	1	1	1	0	0	1	1	
-Alan_Trammell	74	517	1	1	1	1	1	1	1	1	1	1	1	1	1	1	1	1	1	1	1	
-Alex_Trevino	75	512	1	0	0	0	0	0	0	1	0	0	0	0	0	0	1	0	1	0	1	
-Andre_Dawson	76	500	1	1	1	1	1	1	0	1	1	1	1	1	1	1	0	0	0	0	1	
-Eddie_Milner	77	490	1	0	1	1	1	0	0	1	0	0	0	1	0	1	1	0	0	0	1	
-Reggie_Jackson	78	487	1	0	0	1	1	1	1	1	1	1	1	1	1	1	0	0	0	1	1	
-Alvin_Davis	79	480	1	1	1	1	1	1	1	0	0	0	1	0	0	1	1	1	1	1	1	
-Alan_Ashby	80	475	1	0	0	0	0	0	1	1	1	1	1	1	1	1	1	0	1	0	1	
-Davey_Lopes	81	450	1	0	0	0	0	0	1	1	1	1	1	1	1	1	0	1	1	0	1	
-Don_Slaught	82	431	1	0	0	1	0	0	0	0	0	0	0	0	0	0	1	0	0	1	1	
-Juan_Beniquez	83	430	1	0	0	0	0	0	1	1	1	1	1	1	1	1	0	1	1	1	1	
-Ron_Kittle	84	425	1	0	0	1	0	1	0	0	0	0	1	0	1	0	0	0	0	1	1	
-Lou_Whitaker	85	420	1	1	1	1	1	1	1	1	1	1	1	1	1	1	1	1	1	1	1	
-Craig_Reynolds	86	416	1	0	0	0	0	0	0	1	1	1	0	1	1	0	0	1	1	0	1	
-Candy_Maldonado	87	415	1	0	0	1	0	1	0	1	0	0	0	0	0	0	0	0	0	0	1	
-Gary_Pettis	88	400	1	1	1	0	1	1	1	0	0	0	0	0	0	0	1	0	1	1	1	
-Greg_Brock	89	385	1	0	0	1	0	1	0	0	0	0	1	0	0	1	1	1	0	1	1	
-Ed_Romero	90	375	1	0	0	0	0	0	0	1	0	0	0	0	0	0	0	1	1	1	1	
-Johnny_Grubb	91	365	1	0	0	1	0	0	0	1	1	1	1	1	1	1	0	0	0	1	1	
-Garth_Iorg	92	362	1	0	0	0	0	0	0	1	0	0	0	0	0	0	0	1	1	1	1	
-Mike_Young	93	350	1	0	0	0	0	0	1	0	0	0	1	0	0	0	0	0	0	1	1	
-Rob_Wilfong	94	341	1	0	0	0	0	0	0	1	1	1	0	1	0	1	0	1	1	1	1	
-Carmelo_Martinez	95	340	1	0	0	0	0	0	0	0	0	0	1	0	0	0	0	0	0	0	1	
-Tim_Flannery	96	326	1	0	0	0	0	0	1	1	0	0	0	0	0	0	0	1	0	0	1	
-Dave_Henderson	97	325	1	0	0	1	1	0	1	1	1	0	1	0	0	0	0	0	0	1	1	
-Dave_Concepcion	98	320	1	0	0	0	0	0	0	1	1	1	1	1	1	1	0	1	1	0	1	
-Chris_Bando	99	305	1	0	0	0	0	0	0	1	0	0	0	0	0	0	1	0	0	1	1	
-Bob_Kearney	100	300	1	0	0	0	0	0	0	1	0	0	0	0	0	0	1	1	0	1	1	
-Howard_Johnson	101	297	1	0	0	1	0	0	0	0	0	0	0	0	0	0	0	1	1	0	1	
-Tito_Landrum	102	286	1	0	0	0	0	0	0	1	0	0	0	0	0	0	0	0	0	0	1	
-Jim_Morrison	103	277	1	1	1	1	1	1	1	1	1	1	1	1	1	0	0	1	1	0	1	
-Chris_Speier	104	275	1	0	0	0	0	0	0	1	1	1	1	1	1	1	0	1	0	0	1	
-Len_Matuszek	105	265	1	0	0	0	0	0	0	1	0	0	0	0	0	0	1	0	0	0	1	
-Darrell_Porter	106	260	1	0	0	1	0	0	0	1	1	1	1	1	1	1	0	0	0	1	1	
-Joe_Carter	107	250	1	1	1	1	1	1	0	0	0	0	1	0	0	0	1	0	0	1	1	
-Carmen_Castillo	108	247	1	0	0	0	0	0	0	0	0	0	0	0	0	0	0	0	0	1	1	
-Tim_Laudner	109	245	1	0	0	1	0	0	0	1	0	0	0	0	0	0	1	0	0	1	1	
-Bill_Almon	110	240	1	0	0	0	0	0	0	1	1	1	0	1	1	1	0	0	1	0	1	
-Tom_Paciorek	111	235	1	0	0	0	0	0	0	1	1	1	1	1	1	1	0	0	0	1	1	
-Curt_Wilkerson	112	230	1	0	0	0	0	0	0	0	0	0	0	0	0	0	0	1	1	1	1	
-Dave_Anderson	113	225	1	0	0	0	0	0	0	0	0	0	0	0	0	0	0	1	1	0	1	
-Chris_Brown	114	215	1	0	1	0	1	0	0	0	0	0	0	0	0	0	0	1	1	0	1	
-Dan_Gladden	115	210	1	0	0	0	1	0	1	0	0	0	0	0	0	0	0	0	0	1	1	
-Len_Dykstra	116	202	1	1	1	0	1	0	1	0	0	0	0	0	0	0	1	0	0	0	1	
-Graig_Nettles	117	200	1	0	0	1	0	1	1	1	1	1	1	1	1	1	0	1	1	0	1	
-Jose_Uribe	118	195	1	1	0	0	0	0	1	0	0	0	0	0	0	0	1	1	1	0	1	
-Ron_Roenicke	119	191	1	0	0	0	0	0	1	1	0	0	0	0	0	0	0	0	0	0	1	
-Pat_Sheridan	120	190	1	0	0	0	0	0	0	0	0	0	0	0	0	0	0	0	0	1	1	
-Tim_Hulett	121	185	1	1	1	1	0	0	0	0	0	0	0	0	0	0	0	1	1	1	1	
-Bill_Schroeder	122	180	1	0	0	0	0	0	0	0	0	0	0	0	0	0	1	0	0	1	1	
-Buddy_Biancalana	123	175	1	0	0	0	0	0	0	0	0	0	0	0	0	0	0	1	1	1	1	
-Pete_Incaviglia	124	172	1	1	1	1	1	1	1	0	0	0	0	0	0	0	0	0	1	1	1	
-Jose_Canseco	125	165	1	1	1	1	1	1	1	0	0	0	0	0	0	0	1	0	1	1	1	
-Terry_Pendleton	126	160	1	1	1	0	1	1	0	0	0	0	0	0	0	0	0	1	1	0	1	
-Greg_Gagne	127	155	1	1	1	1	1	1	0	0	0	0	0	0	0	0	0	1	1	1	1	
-Mariano_Duncan	128	150	1	0	0	0	0	0	0	0	0	0	0	0	0	0	0	1	1	0	1	
-Danny_Tartabull	129	145	1	1	1	1	1	1	1	0	0	0	0	0	0	0	0	0	1	1	1	
-Milt_Thompson	130	140	1	0	0	0	0	0	0	0	0	0	0	0	0	0	0	0	0	0	1	
-Mark_Salas	131	137	1	0	0	0	0	0	0	0	0	0	0	0	0	0	1	0	1	1	1	
-Bruce_Bochy	132	135	1	0	0	0	0	0	0	1	0	0	0	0	0	0	0	0	0	0	1	
-Rafael_Belliard	133	130	1	0	0	0	0	0	0	0	0	0	0	0	0	0	0	1	1	0	1	
-Kevin_Mitchell	134	125	1	0	0	1	0	0	0	0	0	0	0	0	0	0	0	1	1	0	1	
-Mickey_Tettleton	135	120	1	0	0	1	0	0	1	0	0	0	0	0	0	0	1	0	1	1	1	
-Bobby_Bonilla	136	115	1	1	0	0	1	0	1	0	0	0	0	0	0	0	1	0	0	0	1	
-Billy_Hatcher	137	110	1	0	0	0	1	0	0	0	0	0	0	0	0	0	0	0	0	0	1	
-Darnell_Coles	138	105	1	1	1	1	1	1	1	0	0	0	0	0	0	0	0	1	1	1	1	
-Argenis_Salazar	139	100	1	0	0	0	0	0	0	0	0	0	0	0	0	0	0	1	1	1	1	
-Ruben_Sierra	140	97	1	0	0	1	0	1	0	0	0	0	0	0	0	0	0	0	0	1	1	
-Jack_Howell	141	95	1	0	0	0	0	0	0	0	0	0	0	0	0	0	0	1	0	1	1	
-Andres_Galarraga	142	91	1	0	0	1	0	0	0	0	0	0	0	0	0	0	1	0	0	0	1	
-Bob_Melvin	143	90	1	0	0	0	0	0	0	0	0	0	0	0	0	0	1	1	0	0	1	
-Harold_Reynolds	144	87	1	1	0	0	0	0	0	0	0	0	0	0	0	0	1	1	1	1	1	
-Kal_Daniels	145	86	1	0	0	0	0	0	0	0	0	0	0	0	0	0	0	0	0	0	1	
-John_Moses	146	80	1	0	0	0	1	0	0	0	0	0	0	0	0	0	0	0	0	1	1	
-Andres_Thomas	147	75	1	0	0	0	0	0	0	0	0	0	0	0	0	0	0	1	1	0	1	
-Al_Newman	148	70	1	0	0	0	0	0	0	0	0	0	0	0	0	0	0	1	1	1	1	
-Mike_Kingery	149	68	1	0	0	0	0	0	0	0	0	0	0	0	0	0	0	0	0	1	1	
-Billy_Jo_Robidoux	150	67	1	0	0	0	0	0	0	0	0	0	0	0	0	0	1	0	0	1	1	
