ful 48 6
state1	1	9681	1	0	0	0	1	0	1	
state2	2	8653	1	0	0	0	1	1	1	
state3	3	7818	1	0	0	0	1	0	1	
state4	4	7136	1	0	0	0	0	0	0	
state5	5	7038	1	0	0	0	0	1	1	
state6	6	6986	1	0	0	0	0	0	0	
state7	7	6492	1	0	0	0	1	1	1	
state8	8	6481	1	0	1	0	0	0	1	
state9	9	6435	1	0	0	0	0	1	1	
state10	10	6400	1	0	1	0	1	1	1	
state11	11	6396	1	1	0	1	0	1	1	
state12	12	6348	1	0	0	1	1	1	1	
state13	13	6324	1	0	0	0	1	0	1	
state14	14	6311	1	1	1	1	0	1	1	
state15	15	6279	1	0	1	0	0	0	0	
state16	16	6100	1	0	0	0	0	0	1	
state17	17	6028	1	1	0	1	0	1	1	
state18	18	5915	1	0	0	0	0	0	0	
state19	19	5872	1	0	0	0	1	0	1	
state20	20	5799	1	1	1	1	1	1	0	
state21	21	5771	1	0	1	0	0	1	1	
state22	22	5767	1	0	1	0	0	1	0	
state23	23	5743	1	1	1	1	0	1	0	
state24	24	5708	1	1	0	1	0	1	0	
state25	25	5664	1	1	1	1	0	1	0	
state26	26	5657	1	1	0	1	1	1	1	
state27	27	5606	1	0	1	0	0	0	1	
state28	28	5544	1	1	0	1	0	1	0	
state29	29	5466	1	1	1	1	0	0	0	
state30	30	5413	1	0	1	0	0	0	0	
state31	31	5398	1	0	1	0	1	0	1	
state32	32	5338	1	1	1	0	0	0	0	
state33	33	5250	1	1	0	1	1	1	1	
state34	34	5242	1	1	0	1	1	1	1	
state35	35	5240	1	0	1	0	0	0	1	
state36	36	5103	1	1	1	1	1	0	1	
state37	37	5075	1	1	0	1	0	1	0	
state38	38	4985	1	1	0	1	1	1	0	
state39	39	4871	1	1	1	1	0	0	0	
state40	40	4712	1	1	1	1	1	1	0	
state41	41	4668	1	1	1	1	1	0	0	
state42	42	4643	1	1	1	1	1	0	0	
state43	43	4635	1	1	1	1	1	1	0	
state44	44	4599	1	0	1	0	1	0	0	
state45	45	4568	1	1	1	1	1	0	1	
state46	46	4140	1	1	1	1	1	0	0	
state47	47	4101	1	0	1	0	1	0	0	
state48	48	3437	1	1	1	1	1	1	0	
