lnd 58 4
county1	1	9917	1	1	1	0	0	
county2	2	9667	1	1	1	0	0	
county3	3	9000	1	1	0	0	1	
county4	4	8500	1	1	1	1	1	
county5	5	8250	1	1	1	0	1	
county6	6	7750	1	1	1	1	0	
county7	7	7500	1	1	1	0	0	
county8	8	7250	1	1	0	0	0	
county9	9	6500	1	1	1	1	0	
county10	10	6250	1	1	1	0	0	
county11	11	6125	1	1	0	0	1	
county12	12	6033	1	1	1	1	0	
county13	13	6000	1	1	1	1	0	
county14	14	5875	1	1	0	0	1	
county15	15	5750	1	1	1	0	0	
county16	16	5667	1	1	1	0	0	
county17	17	5600	1	0	1	1	0	
county18	18	5250	1	1	0	0	0	
county19	19	5214	1	1	1	1	0	
county20	20	5179	1	1	0	1	1	
county21	21	5150	1	1	0	0	1	
county22	22	5083	1	1	0	0	1	
county23	23	5000	1	1	1	1	1	
county24	24	4975	1	1	1	1	0	
county25	25	4917	1	1	0	0	1	
county26	26	4875	1	1	1	1	0	
county27	27	4867	1	0	1	1	1	
county28	28	4850	1	1	0	1	1	
county29	29	4025	1	0	0	0	1	
county30	30	4000	1	0	1	1	0	
county31	31	3917	1	1	0	0	1	
county32	32	3750	1	0	1	1	0	
county33	33	3650	1	0	1	1	0	
county34	34	3500	1	1	0	0	1	
county35	35	3433	1	0	0	0	1	
county36	36	3250	1	0	1	1	1	
county37	37	3156	1	0	0	1	1	
county38	38	3100	1	0	1	1	1	
county39	39	3067	1	0	0	0	1	
county40	40	2800	1	0	0	0	1	
county41	41	2625	1	0	0	0	1	
county42	42	2580	1	0	1	1	1	
county43	43	2500	1	0	0	1	1	
county44	44	2450	1	1	0	0	1	
county45	45	2250	1	0	1	1	0	
county46	46	2167	1	0	0	1	1	
county47	47	2078	1	0	0	0	1	
county48	48	2000	1	0	1	1	1	
county49	49	1975	1	0	0	0	1	
county50	50	1933	1	0	0	0	0	
county51	51	1900	1	0	0	0	1	
county52	52	1838	1	0	1	1	0	
county53	53	1625	1	0	1	1	0	
county54	54	1600	1	0	1	1	0	
county55	55	1200	1	0	0	1	0	
county56	56	1150	1	0	0	1	0	
county57	57	850	1	0	0	0	0	
county58	58	500	1	0	0	1	0	
