xsh 57 18
Austin	1	394	1	3097	27.7	72	20.5	0	63.7	24.7	100	100	0	100	71.1	16	296	272	254	282	10
Farragut	2	340	1	2661	23.6	72.8	0	27.5	95.9	27.6	99.8	15.8	83.1	99.1	70.8	15.1	269	253	240	275	10.3
Fenger	3	287	1	3402	20.5	49.7	23.9	0	63.2	29	100	100	0	100	74.2	14.8	269	260	238	268	8.6
Crane	4	286	1	3531	34.5	71.1	53.3	0	74.8	33.3	99.9	99.4	0.4	99.9	74.3	15.1	276	265	248	275	7.2
Orr	5	263	1	3112	31.2	74.6	15.3	0.6	74.6	26.2	99.9	95.4	4.3	100	69.5	15.4	289	270	235	270	9.3
Wells	6	259	1	2808	21.9	64.3	2.8	19.1	84.3	29.1	94.6	14.2	79.6	99.4	55.9	14.2	266	247	232	266	9
Bowen	7	255	1	3040	23.7	38.5	29.3	11.4	82.5	34.7	99.7	52.2	47.5	100	70.9	15.4	273	252	248	272	9.6
Steinmetz	8	250	1	2263	18.7	49.9	20.2	9.1	44.9	28.2	67.4	31.3	32.9	97.3	27.6	13.8	235	214	201	221	7.4
Englewood	9	248	1	3328	36.1	60.4	21.7	0.1	85.9	27.2	100	100	0	100	85	15	307	273	255	290	9.3
Carver	10	246	1	3526	24.7	57.8	7.1	0	70.4	31.1	100	99.9	0	99.9	77.2	15.5	276	255	225	257	9
Robeson	11	235	1	3204	27.9	55	28.5	0	82	29.1	100	100	0	100	79.4	16.4	296	258	249	282	9.6
Schurz	12	234	1	1205	21.6	55.9	27.4	29.3	85.4	23.2	82.5	13.4	66.6	97.8	40.3	14.9	247	246	225	253	8.1
DuSable	13	233	1	3068	35.1	63.9	22.6	0	86.4	28.2	100	99.9	0	100	80.7	15.9	286	263	246	281	8.3
LakeView	14	228	1	3312	19.7	64.7	46.5	13.6	78.2	28.2	85.3	17.9	63	97.2	36.6	14.2	225	213	215	229	7.6
KelvynPark	15	227	1	2758	23.3	51.3	13.6	26.3	78.2	28.2	98.9	5.2	93.3	99.7	56.1	15.2	274	258	232	267	8.8
Harper	16	226	1	2994	33.4	67.2	28.8	0.1	77	27.3	100	100	0	100	74.2	15.9	298	269	257	288	8.6
Corliss	17	221	1	2975	17.4	56.1	24.1	0.1	63.6	27.9	100	99.7	0.3	100	82.6	15.1	252	247	222	234	6.7
GagePark	18	217	1	3142	18.6	57.8	49.5	9.1	74.8	24.9	87.3	42.3	44.7	99.9	51.3	14.2	252	247	231	264	8.1
Juarez	19	216	1	2505	17.1	59.5	23.7	28.3	84.5	27.2	99.2	0.2	99	99.9	53	13.6	252	224	218	255	7.9
Foreman	20	215	1	2610	22.3	54.2	21.7	32.5	71.3	26.1	63.4	22.6	39.3	98.5	45.8	14.5	243	239	214	244	8.8
Roosevelt	21	213	1	2703	18.9	52.6	18.1	32.8	69.7	28.4	84.3	16.6	46	78.5	41.6	14.5	242	235	219	250	8.4
PhillipsAcademy	22	209	1	3292	39.1	72.5	17.1	0	84.4	28.2	99.9	99.9	0	100	78.1	15.6	295	271	247	275	9.3
Harlan	23	195	1	3546	25.7	57.6	39.3	0.1	63.4	25.8	100	100	0	100	84.9	15	272	260	235	268	8.7
SennMetropolitan	24	193	1	2320	22.6	59.7	0	27.7	72.4	34.3	91.1	40.8	32.4	82.5	42.2	15	269	228	230	251	9.8
MarshallMetropolitan	25	191	1	2802	25.4	71.2	13.7	0.1	56.8	23.9	100	99.9	0.1	100	73.6	15.8	279	265	243	267	9.7
Amundsen	26	186	1	2898	21.2	51	11.4	26	71.5	28.3	73.7	14.4	46	87.7	42.5	14.1	231	227	206	234	7.7
Clemente	27	185	1	1969	21.6	62.9	26.4	29.6	74.4	26.6	98.4	11.5	84.4	97.8	57.5	15.8	279	260	243	277	10.3
Calumet	28	168	1	3531	25.6	55	32	0	77.6	23.8	100	100	0	100	84.5	15.7	315	274	254	308	11.7
HirschMetropolitan	29	165	1	3574	21.3	52	4	0	51.4	26.9	99.9	99.9	0	100	84.3	14.7	248	247	229	237	8.3
ChicagoVocational	30	164	1	1831	18	44	0	0	55.3	28.3	100	99.7	0.2	99.9	78.4	14.6	239	242	228	255	8.2
Washington	31	157	1	2988	16	40.3	17.2	7.8	58.7	24.2	68.7	18.7	49.3	99.5	42.6	13.3	222	216	201	221	6.4
Kennedy	32	156	1	3082	19	39.1	25.6	8.6	90.6	24.3	73.6	25.7	45.8	98.1	32.5	14.2	214	212	192	213	6.4
Kenwood	33	155	1	2685	13.4	39.6	33.2	0.4	40.2	23.1	92.5	85.2	3.1	96.1	56.7	10.4	174	168	154	165	6.5
SimeonVocational	34	153	1	2995	17.9	36.6	6.2	0	58.5	22.2	99.9	99.9	0	100	79.4	14.3	232	223	218	243	7.5
LincolnPark	35	152	1	2514	16.1	33.9	21.4	2.7	51.8	26	73.3	42	21.2	90.1	40	9.4	163	158	139	144	5.3
Curie	36	142	1	1310	19.8	35.2	0	9.4	63.7	23.8	75.1	35.7	36.3	97.4	41.5	12.9	215	209	208	223	6.8
Bogan	37	141	1	2194	12	26.1	16.5	5.9	49.6	24.7	72	30	31.6	89.8	36.1	12.7	205	208	190	208	8
WestinghouseAreaVocational	38	139	1	3152	20.9	57.9	22.1	0	77	26.3	100	100	0	100	67.9	15.3	274	247	233	268	9.4
HydeParkCareer	39	127	1	2365	19.8	41	27.8	0	65	25.5	100	99.6	0.2	99.9	66.7	12.3	205	207	191	197	7.3
Mather	40	126	1	2760	18.8	30.6	10.6	24.8	65.5	29.3	55.7	9	22.2	75.7	32.4	13.2	218	204	198	218	7.6
DunbarVocational	41	122	1	2425	20.4	54	15.5	0	65.5	24.9	99.2	99.2	0	100	77.1	15.1	233	233	222	240	7.7
Collins	42	118	1	3258	31.8	61.6	73.3	0.1	88.8	23.1	100	100	0	100	87.5	15.5	298	262	249	284	10
ProsserVocational	43	114	1	3328	17.1	32.5	18.8	5.5	68.3	25.2	77.9	38.6	37.8	98.5	35.9	14	221	214	196	203	7.7
King	44	113	1	3478	32	64	50.9	0	77.4	31	100	100	0	100	83.3	15.6	277	267	251	271	8.7
NearNorthCareer	45	112	1	3553	27.2	55.3	15.9	2.6	81.1	27.9	96.9	80.4	16.1	99.7	53.8	15.5	303	271	246	279	9.9
CregierVocational	46	105	1	4002	48.3	78.8	27.9	0	54	28	93.6	90.8	1.4	98.6	70.5	15.1	276	265	248	275	7.2
Julian	47	104	1	2505	20.3	56.4	2.1	0.1	49.8	25.9	99.9	99.8	0.1	100	76.6	13.9	237	242	234	248	7.1
Tilden	48	102	1	2978	38.8	61.9	25.6	7.5	93.1	29.3	96.5	70.2	23.1	98.2	66	14.8	288	260	247	286	8.9
Kelly	49	85	1	2561	26.5	55.9	0	25.2	91.2	23	88.6	5.2	82.9	99.6	43.1	14.6	245	222	221	250	6.7
FlowerVocational	50	83	1	3780	28.4	60.7	21.6	0.1	85.4	35.6	100	99.6	0.4	100	80	16.2	289	273	267	307	8.9
Hubbard	51	77	1	2974	9	26.1	18.6	8.5	81.7	24.3	67.3	24.2	38.3	96	37.2	13	190	185	198	222	7.4
VonSteubenMetro	52	63	1	3060	10.2	33.5	0	1.5	50.6	24	73.1	29	22.2	78.3	26.7	10	152	141	140	148	5.4
MorganPark	53	56	1	2368	10.1	24.1	2.4	2.2	53	27.8	90	74.2	15.5	99.7	51	11.1	170	184	183	192	6.8
SouthShore	54	45	1	3218	20.6	57.1	10.4	0.1	62.4	25	100	100	0	100	86.4	15.3	281	274	246	267	10.4
LaneTechnical	55	41	1	429	13	12.3	9	0	46.6	28.1	67.8	18.8	31.3	82.7	36.7	9.1	121	119	120	126	4.2
LindblomTechnical	56	40	1	3823	13.8	20.6	28.6	0	51.4	27.6	100	99.9	0.1	100	67.9	12	170	174	170	174	5.6
ChicagoAgricultural	57	39	1	4064	10	22.6	0	0.9	39.7	23.4	80.7	64.7	15.8	100	42.9	12.2	176	200	164	172	6.8
