bwt	131	8
name	  1	4593	1	1	0	1	0	0	0	0	1
name	  2	4238	1	0	0	1	1	0	0	0	0
name	  3	4174	1	1	1	1	0	1	0	0	1
name	  4	4167	1	1	0	1	0	0	0	0	1
name	  5	4153	1	1	1	1	0	0	0	0	1
name	  6	4111	1	0	1	1	0	0	0	0	0
name	  7	4054	1	1	1	0	0	0	0	0	0
name	  8	3997	1	0	0	0	0	0	0	0	1
name	  9	3997	1	0	1	1	0	0	0	0	1
name	 10	3983	1	1	0	1	0	0	0	0	1
name	 11	3969	1	1	1	0	0	0	0	0	0
name	 12	3941	1	1	1	0	0	0	0	0	1
name	 13	3940	1	0	1	1	1	0	0	0	0
name	 14	3912	1	1	0	1	0	0	0	1	1
name	 15	3884	1	0	0	0	0	0	0	0	1
name	 16	3884	1	1	1	1	1	0	0	0	1
name	 17	3856	1	0	0	1	1	0	0	0	1
name	 18	3827	1	0	1	1	0	0	0	0	0
name	 19	3799	1	1	0	1	0	0	0	0	1
name	 20	3770	1	1	0	0	0	1	0	0	0
name	 21	3770	1	0	0	0	0	0	0	0	0
name	 22	3756	1	0	1	1	1	0	1	0	0
name	 23	3728	1	1	0	1	0	0	0	0	1
name	 24	3651	1	0	1	1	1	0	0	0	0
name	 25	3651	1	1	1	1	0	0	0	0	1
name	 26	3651	1	0	1	1	1	0	0	0	0
name	 27	3643	1	0	1	1	1	0	0	0	0
name	 28	3637	1	1	0	1	1	1	0	1	0
name	 29	3629	1	0	1	1	1	0	1	0	0
name	 30	3614	1	0	1	1	0	0	0	0	1
name	 31	3600	1	1	1	1	0	0	0	0	0
name	 32	3572	1	0	0	0	1	0	0	0	0
name	 33	3572	1	0	0	0	0	0	0	0	0
name	 34	3544	1	1	0	0	0	0	0	0	0
name	 35	3544	1	1	1	0	0	0	0	0	0
name	 36	3487	1	0	1	0	0	0	0	0	0
name	 37	3460	1	0	1	1	0	0	0	0	1
name	 38	3430	1	1	1	1	1	1	0	0	1
name	 39	3416	1	1	1	1	0	0	0	0	1
name	 40	3402	1	0	1	0	0	0	0	0	0
name	 41	3374	1	0	1	1	1	0	0	0	0
name	 42	3331	1	1	0	0	1	0	0	0	1
name	 43	3321	1	1	1	0	1	0	0	0	1
name	 44	3317	1	0	0	1	1	1	0	0	0
name	 45	3317	1	0	1	0	0	1	0	0	1
name	 46	3303	1	1	1	0	1	0	0	0	1
name	 47	3274	1	1	0	0	0	0	0	0	1
name	 48	3274	1	0	1	0	0	1	0	1	1
name	 49	3234	1	1	1	1	0	0	0	0	0
name	 50	3225	1	0	0	0	0	0	0	0	0
name	 51	3203	1	0	0	0	0	0	0	0	0
name	 52	3203	1	1	1	0	0	0	0	0	0
name	 53	3175	1	0	0	0	0	0	0	0	0
name	 54	3147	1	1	0	1	1	0	0	0	1
name	 55	3132	1	0	1	1	1	0	0	0	0
name	 56	3104	1	1	1	0	0	0	0	0	0
name	 57	3100	1	0	0	1	0	0	1	0	1
name	 58	3090	1	0	0	0	1	0	0	0	0
name	 59	3090	1	0	1	0	0	0	0	0	0
name	 60	3080	1	1	1	1	0	0	0	0	1
name	 61	3062	1	1	1	0	0	0	0	0	1
name	 62	3062	1	0	0	1	1	0	0	1	0
name	 63	3062	1	0	1	1	0	0	0	0	0
name	 64	3033	1	1	0	1	1	0	0	0	1
name	 65	3005	1	1	1	1	1	0	0	0	1
name	 66	2977	1	0	1	1	1	0	0	0	1
name	 67	2977	1	1	1	1	0	0	0	0	1
name	 68	2948	1	1	1	0	1	1	0	0	1
name	 69	2922	1	1	1	1	1	0	0	0	0
name	 70	2920	1	0	0	0	0	0	0	0	1
name	 71	2920	1	0	0	0	0	0	0	0	1
name	 72	2906	1	0	1	1	1	0	0	0	0
name	 73	2877	1	1	1	1	0	0	0	0	0
name	 74	2863	1	1	0	0	0	0	0	0	0
name	 75	2836	1	1	1	1	0	0	0	0	1
name	 76	2835	1	1	0	1	0	0	0	1	1
name	 77	2821	1	1	0	1	1	0	0	0	1
name	 78	2807	1	0	0	0	0	0	0	1	0
name	 79	2782	1	1	0	1	1	0	0	0	1
name	 80	2769	1	0	0	1	1	0	0	0	0
name	 81	2769	1	0	0	1	1	0	0	0	0
name	 82	2751	1	0	0	0	0	0	1	0	0
name	 83	2750	1	1	0	0	0	1	0	1	1
name	 84	2733	1	0	1	0	0	0	0	0	1
name	 85	2722	1	0	0	0	0	0	0	0	0
name	 86	2663	1	1	1	1	1	0	0	0	1
name	 87	2637	1	0	0	1	0	0	0	0	1
name	 88	2637	1	0	0	0	0	0	0	0	1
name	 89	2622	1	0	1	0	0	0	0	0	0
name	 90	2594	1	0	0	1	1	0	0	1	1
name	 91	2551	1	1	1	0	0	0	0	0	1
name	 92	2523	1	0	1	0	0	0	0	1	0
name	 93	2495	1	1	0	0	1	0	0	0	0
name	 94	2495	1	0	0	0	0	0	0	0	1
name	 95	2450	1	0	0	0	0	0	0	0	1
name	 96	2442	1	1	1	0	0	1	1	0	1
name	 97	2438	1	0	0	0	0	0	0	0	1
name	 98	2424	1	1	0	1	1	1	0	0	0
name	 99	2414	1	0	0	1	1	0	0	0	1
name	100	2410	1	1	0	0	0	0	0	0	0
name	101	2410	1	0	1	1	1	0	0	0	1
name	102	2381	1	1	0	0	1	0	0	0	0
name	103	2381	1	0	1	0	1	0	0	0	0
name	104	2367	1	1	1	0	1	0	0	0	1
name	105	2353	1	0	0	1	0	0	0	0	0
name	106	2325	1	1	0	0	0	0	0	0	0
name	107	2301	1	0	0	0	0	1	0	0	1
name	108	2282	1	0	1	0	0	0	0	0	0
name	109	2240	1	0	0	0	0	0	0	0	0
name	110	2240	1	1	0	0	0	1	0	0	1
name	111	2225	1	0	0	1	1	0	0	0	0
name	112	2211	1	0	0	0	1	0	0	1	0
name	113	2187	1	1	1	0	0	0	0	1	0
name	114	2126	1	0	0	0	1	0	0	0	1
name	115	2100	1	1	1	1	0	0	0	0	0
name	116	2082	1	0	0	1	0	0	0	0	1
name	117	2055	1	0	1	0	0	0	0	1	0
name	118	1970	1	0	0	0	0	0	0	0	0
name	119	1936	1	1	1	1	1	1	0	0	0
name	120	1928	1	0	1	1	1	0	0	0	1
name	121	1928	1	1	0	1	1	0	0	0	0
name	122	1893	1	1	0	0	0	0	0	0	0
name	123	1885	1	0	0	1	1	1	0	1	0
name	124	1818	1	1	0	1	1	0	0	0	0
name	125	1790	1	0	1	1	1	0	1	0	1
name	126	1588	1	1	0	0	0	0	0	1	1
name	127	1588	1	1	1	0	0	0	0	0	0
name	128	1330	1	1	0	0	0	1	1	0	0
name	129	1135	1	1	1	0	1	0	1	0	0
name	130	1021	1	1	1	1	0	0	0	1	1
name	131	 709	1	1	0	0	1	1	0	1	0
