xbw	131	8
name	  1	4593	1	24	116	1	0	0	0	0	1
name	  2	4238	1	19	120	1	1	0	0	0	0
name	  3	4174	1	35	170	1	0	1	0	0	1
name	  4	4167	1	31	120	1	0	0	0	0	2
name	  5	4153	1	25	130	1	0	0	0	0	2
name	  6	4111	1	22	129	1	0	0	0	0	0
name	  7	4054	1	26	160	0	0	0	0	0	0
name	  8	3997	1	16	 95	0	0	0	0	0	1
name	  9	3997	1	20	158	1	0	0	0	0	1
name	 10	3983	1	25	120	1	0	0	0	0	2
name	 11	3969	1	28	130	0	0	0	0	0	0
name	 12	3941	1	28	134	0	0	0	0	0	1
name	 13	3940	1	20	170	1	1	0	0	0	0
name	 14	3912	1	33	117	1	0	0	0	1	1
name	 15	3884	1	18	120	0	0	0	0	0	1
name	 16	3884	1	29	130	1	1	0	0	0	2
name	 17	3856	1	18	120	1	1	0	0	0	2
name	 18	3827	1	22	169	1	0	0	0	0	0
name	 19	3799	1	30	112	1	0	0	0	0	1
name	 20	3770	1	24	110	0	0	1	0	0	0
name	 21	3770	1	20	120	0	0	0	0	0	0
name	 22	3756	1	19	184	1	1	0	1	0	0
name	 23	3728	1	24	110	1	0	0	0	0	1
name	 24	3651	1	19	147	1	1	0	0	0	0
name	 25	3651	1	29	135	1	0	0	0	0	1
name	 26	3651	1	19	147	1	1	0	0	0	0
name	 27	3643	1	16	135	1	1	0	0	0	0
name	 28	3637	1	25	 95	1	1	3	0	1	0
name	 29	3629	1	19	235	1	1	0	1	0	0
name	 30	3614	1	22	125	1	0	0	0	0	1
name	 31	3600	1	36	175	1	0	0	0	0	0
name	 32	3572	1	17	120	0	1	0	0	0	0
name	 33	3572	1	19	105	0	0	0	0	0	0
name	 34	3544	1	30	110	0	0	0	0	0	0
name	 35	3544	1	23	123	0	0	0	0	0	0
name	 36	3487	1	20	127	0	0	0	0	0	0
name	 37	3460	1	22	131	1	0	0	0	0	1
name	 38	3430	1	32	134	1	1	1	0	0	4
name	 39	3416	1	25	140	1	0	0	0	0	1
name	 40	3402	1	18	229	0	0	0	0	0	0
name	 41	3374	1	16	135	1	1	0	0	0	0
name	 42	3331	1	23	115	0	1	0	0	0	1
name	 43	3321	1	31	150	0	1	0	0	0	2
name	 44	3317	1	22	112	1	1	2	0	0	0
name	 45	3317	1	22	158	0	0	1	0	0	2
name	 46	3303	1	28	250	0	1	0	0	0	6
name	 47	3274	1	24	115	0	0	0	0	0	2
name	 48	3274	1	20	169	0	0	1	0	1	1
name	 49	3234	1	28	140	1	0	0	0	0	0
name	 50	3225	1	17	119	0	0	0	0	0	0
name	 51	3203	1	20	103	0	0	0	0	0	0
name	 52	3203	1	30	153	0	0	0	0	0	0
name	 53	3175	1	19	115	0	0	0	0	0	0
name	 54	3147	1	30	 95	1	1	0	0	0	2
name	 55	3132	1	22	130	1	1	0	0	0	0
name	 56	3104	1	23	128	0	0	0	0	0	0
name	 57	3100	1	22	120	1	0	0	1	0	1
name	 58	3090	1	22	 85	0	1	0	0	0	0
name	 59	3090	1	19	132	0	0	0	0	0	0
name	 60	3080	1	32	132	1	0	0	0	0	4
name	 61	3062	1	23	130	0	0	0	0	0	1
name	 62	3062	1	18	 90	1	1	0	0	1	0
name	 63	3062	1	21	160	1	0	0	0	0	0
name	 64	3033	1	33	109	1	1	0	0	0	1
name	 65	3005	1	31	215	1	1	0	0	0	2
name	 66	2977	1	19	138	1	1	0	0	0	2
name	 67	2977	1	25	155	1	0	0	0	0	1
name	 68	2948	1	35	121	0	1	1	0	0	1
name	 69	2922	1	27	124	1	1	0	0	0	0
name	 70	2920	1	17	113	0	0	0	0	0	1
name	 71	2920	1	17	113	0	0	0	0	0	1
name	 72	2906	1	17	122	1	1	0	0	0	0
name	 73	2877	1	28	167	1	0	0	0	0	0
name	 74	2863	1	28	120	0	0	0	0	0	0
name	 75	2836	1	36	202	1	0	0	0	0	1
name	 76	2835	1	31	100	1	0	0	0	1	3
name	 77	2821	1	28	120	1	1	0	0	0	1
name	 78	2807	1	20	120	0	0	0	0	1	0
name	 79	2782	1	25	118	1	1	0	0	0	3
name	 80	2769	1	18	100	1	1	0	0	0	0
name	 81	2769	1	18	100	1	1	0	0	0	0
name	 82	2751	1	22	 95	0	0	0	1	0	0
name	 83	2750	1	30	107	0	0	1	0	1	2
name	 84	2733	1	19	150	0	0	0	0	0	1
name	 85	2722	1	19	 95	0	0	0	0	0	0
name	 86	2663	1	29	123	1	1	0	0	0	1
name	 87	2637	1	22	118	1	0	0	0	0	1
name	 88	2637	1	17	103	0	0	0	0	0	1
name	 89	2622	1	21	124	0	0	0	0	0	0
name	 90	2594	1	21	108	1	1	0	0	1	2
name	 91	2551	1	33	155	0	0	0	0	0	3
name	 92	2523	1	19	182	0	0	0	0	1	0
name	 93	2495	1	23	 94	0	1	0	0	0	0
name	 94	2495	1	14	100	0	0	0	0	0	2
name	 95	2450	1	20	105	0	0	0	0	0	3
name	 96	2442	1	26	154	0	0	1	1	0	1
name	 97	2438	1	17	120	0	0	0	0	0	2
name	 98	2424	1	23	110	1	1	1	0	0	0
name	 99	2414	1	17	120	1	1	0	0	0	3
name	100	2410	1	23	120	0	0	0	0	0	0
name	101	2410	1	22	130	1	1	0	0	0	1
name	102	2381	1	24	105	0	1	0	0	0	0
name	103	2381	1	20	122	0	1	0	0	0	0
name	104	2367	1	23	187	0	1	0	0	0	1
name	105	2353	1	15	110	1	0	0	0	0	0
name	106	2325	1	26	 96	0	0	0	0	0	0
name	107	2301	1	21	100	0	0	1	0	0	4
name	108	2282	1	18	148	0	0	0	0	0	0
name	109	2240	1	20	109	0	0	0	0	0	0
name	110	2240	1	25	105	0	0	1	0	0	1
name	111	2225	1	17	110	1	1	0	0	0	0
name	112	2211	1	20	 80	0	1	0	0	1	0
name	113	2187	1	27	130	0	0	0	0	1	0
name	114	2126	1	20	120	0	1	0	0	0	3
name	115	2100	1	24	138	1	0	0	0	0	0
name	116	2082	1	19	102	1	0	0	0	0	2
name	117	2055	1	20	125	0	0	0	0	1	0
name	118	1970	1	21	103	0	0	0	0	0	0
name	119	1936	1	24	155	1	1	1	0	0	0
name	120	1928	1	20	150	1	1	0	0	0	2
name	121	1928	1	25	 92	1	1	0	0	0	0
name	122	1893	1	25	115	0	0	0	0	0	0
name	123	1885	1	19	 91	1	1	2	0	1	0
name	124	1818	1	32	105	1	1	0	0	0	0
name	125	1790	1	21	165	1	1	0	1	0	1
name	126	1588	1	23	 97	0	0	0	0	1	1
name	127	1588	1	27	150	0	0	0	0	0	0
name	128	1330	1	25	105	0	0	1	1	0	0
name	129	1135	1	34	187	0	1	0	1	0	0
name	130	1021	1	29	130	1	0	0	0	1	2
name	131	 709	1	28	120	0	1	1	0	1	0
