0.750000
0.714286
0.607143
0.750000
0.714286
0.892857
0.857143
0.821429
0.857143
0.535714
0.750000
0.214286
0.678571
0.821429
0.821429
0.857143
0.571429
0.821429
0.892857
0.750000
0.678571
0.714286
0.607143
0.857143
0.714286
0.785714
0.428571
0.785714
0.750000
0.821429
0.642857
0.714286
0.785714
0.678571
0.678571
0.857143
0.678571
0.785714
0.785714
0.857143
0.750000
0.892857
0.821429
0.642857
0.821429
0.750000
0.857143
0.821429
0.785714
0.785714
0.892857
0.928571
0.857143
0.857143
0.892857
0.607143
0.750000
0.821429
0.892857
0.857143
0.785714
0.678571
0.571429
0.892857
0.321429
0.714286
0.714286
0.642857
0.857143
0.785714
0.678571
0.750000
0.857143
0.928571
0.857143
0.642857
0.678571
0.571429
0.678571
0.607143
0.678571
0.750000
0.857143
0.714286
0.821429
0.571429
0.892857
0.928571
0.857143
0.964286
0.785714
0.714286
0.607143
0.892857
0.714286
0.428571
0.928571
0.714286
0.392857
0.642857
0.750000
0.714286
0.892857
0.785714
0.750000
0.821429
0.571429
0.750000
0.892857
0.928571
0.642857
0.857143
0.892857
0.821429
0.464286
0.821429
0.785714
0.428571
0.714286
0.678571
0.642857
0.571429
0.714286
0.857143
0.785714
0.785714
0.785714
0.785714
0.857143
0.821429
0.678571
0.785714
0.714286
0.821429
0.642857
0.642857
0.750000
0.678571
0.678571
0.607143
0.892857
0.642857
0.750000
0.250000
0.714286
0.821429
0.892857
0.678571
0.571429
0.714286
0.750000
0.785714
0.750000
0.642857
0.714286
0.857143
0.642857
0.500000
0.785714
0.785714
0.821429
0.678571
0.785714
0.892857
0.785714
0.714286
0.714286
0.857143
0.714286
0.642857
0.750000
0.750000
0.821429
0.714286
0.821429
0.678571
0.464286
0.857143
0.892857
0.785714
0.750000
0.821429
0.857143
0.821429
0.714286
0.678571
0.821429
0.714286
0.607143
0.785714
0.857143
0.750000
0.857143
0.892857
0.857143
0.500000
0.678571
0.750000
0.821429
0.750000
0.821429
0.571429
0.821429
0.785714
0.785714
0.821429
0.678571
0.821429
0.678571
0.607143
0.750000
0.785714
0.750000
0.892857
0.714286
0.857143
0.714286
0.821429
0.714286
0.571429
0.821429
0.750000
0.785714
0.642857
0.750000
0.607143
0.857143
0.714286
0.750000
0.892857
0.678571
0.857143
0.785714
0.821429
0.892857
0.785714
0.714286
0.750000
0.678571
0.892857
0.785714
0.714286
0.892857
0.642857
0.785714
0.785714
0.750000
0.821429
0.928571
0.821429
0.750000
0.821429
0.821429
0.607143
0.857143
0.785714
0.464286
0.785714
0.571429
0.892857
0.571429
0.785714
0.857143
0.892857
0.750000
0.785714
0.678571
0.535714
0.714286
0.928571
0.785714
0.821429
0.964286
0.821429
0.678571
0.821429
0.714286
0.428571
0.678571
0.892857
0.821429
0.785714
0.892857
0.892857
0.714286
0.750000
0.642857
0.821429
0.821429
0.785714
0.821429
0.714286
0.892857
0.714286
0.464286
0.821429
0.750000
0.750000
0.821429
0.714286
0.785714
0.857143
0.535714
0.785714
0.785714
0.214286
0.714286
0.714286
0.642857
0.785714
0.535714
0.785714
0.678571
0.750000
0.785714
0.750000
0.714286
0.857143
0.821429
0.714286
0.892857
0.571429
0.642857
0.821429
0.892857
0.928571
0.785714
0.750000
0.785714
0.714286
0.678571
0.785714
0.714286
0.821429
0.857143
0.642857
0.821429
0.821429
0.821429
0.892857
0.892857
0.750000
0.857143
0.714286
0.821429
0.750000
0.785714
0.857143
0.892857
0.642857
0.857143
0.821429
0.750000
0.821429
0.857143
0.821429
0.250000
0.750000
0.607143
0.750000
0.928571
0.642857
0.857143
0.857143
0.892857
0.714286
0.785714
0.785714
0.714286
0.678571
0.821429
0.821429
0.857143
0.785714
0.821429
0.857143
0.750000
0.642857
0.857143
0.821429
0.928571
0.714286
0.821429
0.892857
0.857143
0.857143
0.857143
0.821429
0.785714
0.857143
0.821429
0.642857
0.821429
0.535714
0.678571
0.464286
0.821429
0.714286
0.285714
0.892857
0.607143
0.821429
0.750000
0.821429
0.928571
0.642857
0.714286
0.785714
0.821429
0.785714
0.785714
0.785714
0.857143
0.714286
0.857143
0.642857
0.821429
0.857143
0.571429
0.750000
0.714286
0.535714
0.607143
0.857143
0.464286
0.928571
0.750000
0.750000
0.892857
0.821429
0.785714
0.857143
0.857143
0.642857
0.607143
0.678571
0.750000
0.857143
0.785714
0.678571
0.857143
0.607143
0.464286
0.535714
0.821429
0.750000
0.750000
0.642857
0.892857
0.821429
0.785714
0.678571
0.892857
0.750000
0.857143
0.857143
0.607143
0.714286
0.857143
0.214286
0.428571
0.571429
0.714286
0.714286
0.714286
0.785714
0.821429
0.785714
0.785714
0.821429
0.821429
0.535714
0.785714
0.714286
0.607143
0.892857
0.642857
0.928571
0.928571
0.785714
0.607143
0.714286
0.821429
0.785714
0.714286
0.892857
0.750000
0.607143
0.714286
0.821429
0.571429
0.821429
0.857143
0.785714
0.714286
0.535714
0.821429
0.785714
0.821429
0.821429
0.857143
0.785714
0.785714
0.821429
0.750000
0.714286
0.964286
0.607143
0.785714
0.642857
0.250000
0.857143
0.642857
0.642857
0.642857
0.785714
0.500000
0.821429
0.785714
0.750000
0.857143
0.750000
0.785714
0.785714
0.678571
0.750000
0.357143
0.750000
0.928571
0.785714
0.678571
0.678571
0.857143
0.714286
0.821429
0.785714
0.892857
0.857143
0.642857
0.678571
0.857143
0.821429
0.785714
0.857143
0.750000
0.464286
0.607143
0.714286
0.714286
0.857143
0.464286
0.821429
0.750000
0.750000
0.857143
0.857143
0.571429
0.857143
0.535714
0.750000
0.750000
0.285714
0.642857
0.750000
0.678571
0.750000
0.678571
0.857143
0.821429
0.714286
0.892857
0.678571
0.892857
0.785714
0.785714
0.642857
0.571429
0.821429
0.678571
0.821429
0.714286
0.821429
0.571429
0.785714
0.714286
0.714286
0.714286
0.785714
0.714286
0.821429
0.750000
0.892857
0.892857
0.821429
0.821429
0.892857
0.750000
0.785714
0.857143
0.607143
0.857143
0.750000
0.642857
0.857143
0.714286
0.714286
0.750000
0.642857
0.892857
0.785714
0.785714
0.857143
0.821429
0.571429
0.714286
0.785714
0.821429
0.928571
0.678571
0.714286
0.750000
0.821429
0.750000
0.821429
0.785714
0.785714
0.714286
0.714286
0.857143
0.785714
0.821429
0.714286
0.928571
0.857143
0.821429
0.535714
0.714286
0.678571
0.750000
0.892857
0.857143
0.892857
0.892857
0.857143
0.821429
0.785714
0.750000
0.714286
0.857143
0.892857
0.678571
0.785714
0.821429
0.750000
0.785714
0.785714
0.785714
0.821429
0.892857
0.821429
0.750000
0.821429
0.785714
0.785714
0.821429
0.714286
0.821429
0.892857
0.464286
0.821429
0.785714
0.785714
0.857143
0.714286
0.714286
0.821429
0.714286
0.714286
0.714286
0.714286
0.571429
0.714286
0.821429
0.785714
0.785714
0.821429
0.678571
0.500000
0.857143
0.892857
0.857143
0.857143
0.857143
0.857143
0.821429
0.821429
0.500000
0.892857
0.642857
0.785714
0.821429
0.821429
0.821429
0.892857
0.785714
0.714286
0.821429
0.714286
0.785714
0.785714
0.857143
0.892857
0.785714
0.678571
0.750000
0.821429
0.821429
0.214286
0.821429
0.678571
0.642857
0.821429
0.714286
0.785714
0.678571
0.821429
0.214286
0.750000
0.785714
0.750000
0.714286
0.785714
0.821429
0.857143
0.821429
0.750000
0.821429
0.821429
0.785714
0.821429
0.821429
0.714286
0.750000
0.714286
0.857143
0.714286
0.750000
0.464286
0.821429
0.857143
0.714286
0.821429
0.785714
0.892857
0.750000
0.750000
0.785714
0.642857
0.750000
0.642857
0.250000
0.821429
0.750000
0.678571
0.785714
0.785714
0.821429
0.857143
0.678571
0.714286
0.750000
0.928571
0.857143
0.785714
0.785714
0.678571
0.821429
0.714286
0.857143
0.607143
0.892857
0.607143
0.714286
0.785714
0.857143
0.714286
0.714286
0.678571
0.928571
0.750000
0.821429
0.571429
0.821429
0.857143
0.928571
0.714286
0.785714
0.892857
0.785714
0.678571
0.678571
0.571429
0.750000
0.571429
0.821429
0.785714
0.714286
0.500000
0.571429
0.821429
0.750000
0.785714
0.785714
0.642857
0.642857
0.357143
0.714286
0.857143
0.821429
0.785714
0.500000
0.607143
0.714286
0.714286
0.821429
0.821429
0.821429
0.714286
0.928571
0.928571
0.678571
0.928571
0.785714
0.607143
0.892857
0.785714
0.821429
0.785714
0.750000
0.857143
0.750000
0.857143
0.678571
0.642857
0.785714
0.642857
0.785714
0.821429
0.750000
0.964286
0.750000
0.821429
0.785714
0.607143
0.607143
0.821429
0.678571
0.178571
0.714286
0.785714
0.642857
0.750000
0.892857
0.785714
0.750000
0.678571
0.750000
0.750000
0.464286
0.821429
0.785714
0.892857
0.678571
0.857143
0.857143
0.607143
0.428571
0.714286
0.821429
0.571429
0.785714
0.714286
0.750000
0.750000
0.857143
0.785714
0.785714
0.821429
0.892857
0.785714
0.750000
0.571429
0.785714
0.821429
0.214286
0.821429
0.964286
0.785714
0.642857
0.714286
0.892857
0.821429
0.821429
0.785714
0.750000
0.892857
0.750000
0.892857
0.785714
0.750000
0.785714
0.821429
0.750000
0.785714
0.750000
0.750000
0.285714
0.821429
0.892857
0.714286
0.785714
0.857143
0.785714
0.785714
0.607143
0.821429
0.642857
0.928571
0.857143
0.892857
0.714286
0.642857
0.857143
0.821429
0.678571
0.821429
0.642857
0.785714
0.857143
0.785714
0.750000
0.678571
0.857143
0.678571
0.821429
0.678571
0.785714
0.821429
0.607143
0.785714
0.750000
0.857143
0.857143
0.714286
0.750000
0.892857
0.607143
0.750000
0.678571
0.821429
0.821429
0.750000
0.750000
0.750000
0.642857
0.714286
0.678571
0.821429
0.892857
0.821429
0.714286
0.785714
0.892857
0.857143
0.642857
0.678571
0.750000
0.785714
0.892857
0.821429
0.821429
0.785714
0.678571
0.678571
0.785714
0.892857
0.892857
0.821429
0.928571
0.821429
0.785714
0.892857
0.821429
0.857143
0.642857
0.357143
0.678571
0.785714
0.821429
0.642857
-------
-------
*******
