0.761905
0.714286
0.809524
0.880952
0.738095
0.738095
0.738095
0.690476
0.857143
0.833333
0.619048
0.761905
0.785714
0.809524
0.761905
0.595238
0.738095
0.809524
0.714286
0.666667
0.809524
0.714286
0.714286
0.857143
0.857143
0.833333
0.785714
0.761905
0.785714
0.809524
0.785714
0.785714
0.904762
0.761905
0.738095
0.690476
0.619048
0.809524
0.809524
0.690476
0.785714
0.809524
0.904762
0.666667
0.857143
0.809524
0.785714
0.761905
0.761905
0.571429
0.785714
0.785714
0.785714
0.809524
0.642857
0.809524
0.738095
0.904762
0.714286
0.761905
0.809524
0.785714
0.738095
0.666667
0.809524
0.619048
0.714286
0.738095
0.690476
0.690476
0.761905
0.761905
0.761905
0.880952
0.809524
0.738095
0.833333
0.666667
0.261905
0.857143
0.761905
0.857143
0.404762
0.857143
0.761905
0.833333
0.976190
0.809524
0.809524
0.714286
0.619048
0.738095
0.904762
0.714286
0.523810
0.714286
0.785714
0.761905
0.761905
0.785714
0.738095
0.785714
0.714286
0.547619
0.642857
0.809524
0.738095
0.928571
0.833333
0.809524
0.785714
0.785714
0.690476
0.619048
0.761905
0.547619
0.904762
0.809524
0.785714
0.761905
0.904762
0.785714
0.785714
0.761905
0.761905
0.761905
0.738095
0.857143
0.761905
0.785714
0.785714
0.928571
0.595238
0.761905
0.857143
0.761905
0.690476
0.761905
0.809524
0.761905
0.833333
0.761905
0.714286
0.880952
0.761905
0.785714
0.833333
0.809524
0.833333
0.547619
0.714286
0.714286
0.690476
0.714286
0.738095
0.785714
0.761905
0.761905
0.761905
0.619048
0.571429
0.809524
0.666667
0.666667
0.595238
0.809524
0.714286
0.833333
0.738095
0.690476
0.785714
0.809524
0.714286
0.714286
0.738095
0.666667
0.761905
0.785714
0.761905
0.904762
0.809524
0.761905
0.809524
0.666667
0.809524
0.761905
0.809524
0.714286
0.761905
0.976190
0.738095
0.738095
0.738095
0.761905
0.690476
0.714286
0.857143
0.761905
0.714286
0.714286
0.809524
0.714286
0.738095
0.738095
0.833333
0.785714
0.857143
0.738095
0.761905
0.738095
0.761905
0.428571
0.714286
0.738095
0.761905
0.857143
0.666667
0.690476
0.833333
0.690476
0.738095
0.785714
0.976190
0.714286
0.761905
0.785714
0.761905
0.785714
0.761905
0.880952
0.714286
0.785714
0.738095
0.714286
0.785714
0.809524
0.785714
0.809524
0.714286
0.809524
0.666667
0.761905
0.714286
0.761905
0.666667
0.809524
0.809524
0.857143
0.809524
0.738095
0.785714
0.738095
0.690476
0.785714
0.761905
0.785714
0.761905
0.738095
0.714286
0.785714
0.690476
0.761905
0.761905
0.857143
0.690476
0.809524
0.809524
0.880952
0.904762
0.738095
0.666667
0.738095
0.809524
0.833333
0.761905
0.785714
0.714286
0.666667
0.523810
0.738095
0.809524
0.761905
0.761905
0.642857
0.666667
0.738095
0.714286
0.857143
0.738095
0.666667
0.809524
0.690476
0.738095
0.619048
0.761905
0.833333
0.666667
0.642857
0.738095
0.785714
0.690476
0.785714
0.738095
0.761905
0.785714
0.785714
0.880952
0.761905
0.785714
0.809524
0.833333
0.785714
0.714286
0.809524
0.714286
0.714286
0.761905
0.857143
0.690476
0.738095
0.666667
0.714286
0.809524
0.666667
0.761905
0.809524
0.714286
0.666667
0.738095
0.904762
0.738095
0.833333
0.738095
0.761905
0.809524
0.738095
0.880952
0.761905
0.785714
0.761905
0.785714
0.761905
0.785714
0.738095
0.714286
0.714286
0.761905
0.738095
0.809524
0.761905
0.809524
0.714286
0.761905
0.642857
0.738095
0.809524
0.785714
0.785714
0.690476
0.785714
0.761905
0.761905
0.714286
0.785714
0.809524
0.880952
0.738095
0.690476
0.761905
0.880952
0.761905
0.809524
0.714286
0.809524
0.666667
0.785714
0.880952
0.642857
0.833333
0.761905
0.714286
0.809524
0.785714
0.785714
0.857143
0.738095
0.690476
0.761905
0.690476
0.785714
0.809524
0.714286
0.785714
0.738095
0.761905
0.714286
0.761905
0.857143
0.809524
0.785714
0.809524
0.833333
0.785714
0.976190
0.761905
0.619048
0.761905
0.380952
0.714286
0.809524
0.619048
0.833333
0.833333
0.785714
0.666667
0.785714
0.690476
0.833333
0.785714
0.785714
0.785714
0.738095
0.761905
0.809524
0.809524
0.785714
0.642857
0.714286
0.690476
0.738095
0.690476
0.666667
0.809524
0.785714
0.714286
0.714286
0.761905
0.785714
0.714286
0.809524
0.785714
0.666667
0.904762
0.809524
0.809524
0.761905
0.857143
0.714286
0.738095
0.785714
0.761905
0.809524
0.690476
0.738095
0.880952
0.809524
0.809524
0.785714
0.571429
0.952381
0.761905
0.809524
0.761905
0.809524
0.809524
0.785714
0.666667
0.738095
0.785714
0.738095
0.785714
0.761905
0.761905
0.785714
0.761905
0.833333
0.809524
0.761905
0.666667
0.690476
0.809524
0.714286
0.809524
0.809524
0.666667
0.809524
0.809524
0.666667
0.833333
0.761905
0.738095
0.761905
0.690476
0.666667
0.738095
0.809524
0.690476
0.809524
0.809524
0.785714
0.619048
0.738095
0.785714
0.738095
0.714286
0.714286
0.761905
0.738095
0.809524
0.857143
0.714286
0.833333
0.833333
0.714286
0.809524
0.761905
0.809524
0.785714
0.833333
0.809524
0.714286
0.857143
0.714286
0.738095
0.833333
0.761905
0.738095
0.690476
0.761905
0.761905
0.880952
0.761905
0.833333
0.809524
0.571429
0.690476
0.690476
0.785714
0.785714
0.642857
0.785714
0.857143
0.666667
0.809524
0.761905
0.690476
0.857143
0.761905
0.761905
0.714286
0.833333
0.761905
0.761905
0.738095
0.880952
0.738095
0.714286
0.809524
0.833333
0.738095
0.785714
0.809524
0.809524
0.642857
0.738095
0.642857
0.642857
0.761905
0.785714
0.880952
0.857143
0.761905
0.666667
0.666667
0.857143
0.738095
0.642857
0.761905
0.690476
0.785714
0.857143
0.761905
0.714286
0.761905
0.666667
0.809524
0.714286
0.809524
0.809524
0.690476
0.738095
0.642857
0.809524
0.761905
0.714286
0.857143
0.761905
0.857143
0.833333
0.690476
0.809524
0.761905
0.880952
0.714286
0.785714
0.738095
0.761905
0.904762
0.476190
0.785714
0.619048
0.714286
0.666667
0.857143
0.738095
0.785714
0.761905
0.833333
0.761905
0.809524
0.642857
0.666667
0.761905
0.857143
0.761905
0.833333
0.761905
0.666667
0.809524
0.761905
0.761905
0.857143
0.761905
0.857143
0.714286
0.761905
0.642857
0.880952
0.595238
0.785714
0.761905
0.857143
0.761905
0.666667
0.761905
0.761905
0.809524
0.738095
0.666667
0.809524
0.761905
0.785714
0.761905
0.809524
0.714286
0.785714
0.761905
0.761905
0.785714
0.785714
0.761905
0.809524
0.904762
0.809524
0.761905
0.714286
0.904762
0.619048
0.738095
0.761905
0.809524
0.619048
0.761905
0.714286
0.738095
0.809524
0.761905
0.785714
0.666667
0.761905
0.761905
0.785714
0.714286
0.785714
0.833333
0.714286
0.809524
0.904762
0.785714
0.738095
0.809524
0.952381
0.714286
0.738095
0.904762
0.857143
0.761905
0.666667
0.809524
0.761905
0.690476
0.690476
0.809524
0.690476
0.952381
0.761905
0.738095
0.761905
0.738095
0.761905
0.738095
0.761905
0.761905
0.785714
0.809524
0.714286
0.714286
0.738095
0.666667
0.666667
0.619048
0.761905
0.666667
0.809524
0.738095
0.761905
0.833333
0.761905
0.761905
0.785714
0.690476
0.761905
0.761905
0.714286
0.761905
0.666667
0.809524
0.738095
0.714286
0.666667
0.761905
0.714286
0.785714
0.833333
0.809524
0.738095
0.761905
0.833333
0.714286
0.857143
0.809524
0.809524
0.785714
0.714286
0.785714
0.785714
0.738095
0.785714
0.690476
0.785714
0.785714
0.738095
0.761905
0.666667
0.738095
0.761905
0.809524
0.785714
0.833333
0.785714
0.809524
0.738095
0.666667
0.738095
0.833333
0.761905
0.666667
0.761905
0.857143
0.880952
0.857143
0.714286
0.785714
0.761905
0.666667
0.761905
0.738095
0.761905
0.904762
0.761905
0.738095
0.642857
0.761905
0.738095
0.714286
0.714286
0.666667
0.738095
0.666667
0.809524
0.785714
0.738095
0.738095
0.761905
0.428571
0.761905
0.666667
0.714286
0.666667
0.738095
0.714286
0.833333
0.714286
0.666667
0.809524
0.809524
0.595238
0.904762
0.690476
0.761905
0.809524
0.809524
0.833333
0.761905
0.571429
0.833333
0.761905
0.738095
0.809524
0.785714
0.809524
0.714286
0.738095
0.666667
0.857143
0.690476
0.809524
0.761905
0.642857
0.761905
0.761905
0.857143
0.761905
0.690476
0.761905
0.761905
0.857143
0.761905
0.809524
0.761905
0.785714
0.666667
0.809524
0.809524
0.785714
0.714286
0.833333
0.833333
0.738095
0.761905
0.714286
0.523810
0.761905
0.738095
0.904762
0.761905
0.666667
0.785714
0.714286
0.761905
0.666667
0.714286
0.857143
0.714286
0.809524
0.809524
0.690476
0.738095
0.761905
0.809524
0.833333
0.738095
0.809524
0.809524
0.571429
0.785714
0.785714
0.642857
0.738095
0.809524
0.761905
0.809524
0.761905
0.714286
0.785714
0.690476
0.714286
0.857143
0.761905
0.761905
0.809524
0.809524
0.761905
0.738095
0.833333
0.761905
0.666667
0.809524
0.857143
0.666667
0.666667
0.714286
0.761905
0.785714
0.833333
0.833333
0.880952
0.714286
0.714286
0.785714
0.714286
0.809524
0.761905
0.666667
0.785714
0.785714
0.714286
0.571429
0.714286
0.809524
0.714286
0.714286
0.785714
0.714286
0.738095
0.666667
0.714286
0.857143
0.761905
0.880952
0.666667
0.761905
0.761905
0.666667
0.714286
0.761905
0.690476
0.809524
0.809524
0.738095
0.571429
0.690476
0.761905
0.738095
0.761905
0.785714
0.642857
0.857143
0.738095
0.809524
0.833333
0.833333
0.714286
0.809524
0.761905
0.690476
0.880952
0.738095
0.666667
0.761905
0.904762
0.761905
0.690476
0.809524
0.738095
0.809524
0.809524
0.666667
0.833333
0.928571
0.738095
0.809524
0.761905
0.761905
0.857143
0.666667
0.761905
0.785714
0.714286
0.595238
0.738095
0.785714
0.642857
0.738095
0.928571
0.642857
0.761905
0.642857
0.500000
0.761905
-------
-------
*******
