0.621814
0.667516
0.660211
0.701325
0.699626
0.671424
0.593442
0.602956
0.621135
0.629290
0.642032
0.629120
0.627761
0.610432
0.629630
0.658172
0.687224
0.625042
0.661400
0.653245
0.687903
0.638974
0.648658
0.658172
0.654774
0.674992
0.706932
0.652056
0.619776
0.656983
0.693680
0.713558
0.644750
0.689772
0.667346
0.671594
0.624363
0.656813
0.664458
0.710160
0.682127
0.650017
0.647469
0.632688
0.658682
0.601767
0.661570
0.660211
0.660211
0.663778
0.646449
0.674652
0.668026
0.674142
0.680428
0.675841
0.651206
0.571526
0.617907
0.690452
0.677880
0.646449
0.623174
0.636765
0.641522
0.652056
0.635406
0.626572
0.657492
0.680938
0.688923
0.680768
0.680088
0.633367
0.660720
0.640333
0.643731
0.667006
0.708461
0.684336
0.683146
0.631838
0.687564
0.623174
0.674142
0.669215
0.713218
0.637275
0.685525
0.640503
0.673462
0.660720
0.641013
0.694020
0.617057
0.692321
0.635406
0.691641
0.668536
0.711859
0.681278
0.650527
0.625212
0.622834
0.635066
0.609412
0.654944
0.657662
0.638634
0.657832
0.610601
0.621645
0.627251
0.647638
0.616208
0.625382
0.637785
0.701155
0.657322
0.630989
0.633197
0.656133
0.684676
0.663099
0.644920
0.644071
0.620625
0.683486
0.656983
0.643561
0.607034
0.659361
0.682297
0.629800
0.658172
0.623683
0.646619
0.644580
0.642032
0.672613
0.632348
0.645090
0.661910
0.658682
0.636256
0.650697
0.611451
0.681617
0.646619
0.647129
0.667856
0.583928
0.676351
0.667516
0.637105
0.630309
0.722902
0.690282
0.669555
0.642372
0.672443
0.664968
0.627421
0.643901
0.678389
0.683316
0.624533
0.673123
0.675841
0.679918
0.640503
0.720183
0.646619
0.662929
0.616718
0.682297
0.651716
0.690282
0.612810
0.676351
0.698947
0.681787
0.690452
0.669215
0.647469
0.636425
0.640843
0.673462
0.678559
0.693850
0.661910
0.649507
0.656303
0.638634
0.633537
0.635576
0.657662
0.683316
0.663269
0.657832
0.654094
0.616378
0.676860
0.655284
0.608053
0.650187
0.667176
0.650866
0.679579
0.651036
0.561162
0.616378
0.648998
0.656813
0.628950
0.639144
0.658682
0.650357
0.692661
0.621135
0.650697
0.620965
0.676521
0.656133
0.618417
0.645260
0.616208
0.635916
0.631329
0.633707
0.672103
0.717295
0.682977
0.645600
0.612130
0.667516
0.647129
0.630819
0.634557
0.679239
0.616378
0.705573
0.610262
0.673293
0.669045
0.632518
0.618247
0.634217
0.630139
0.685695
0.635576
0.607373
0.722052
0.626911
0.671254
0.649168
0.695209
0.631838
0.639484
0.677200
0.643731
0.675331
0.638634
0.674992
0.675331
0.623683
0.652735
0.698097
0.658852
0.602786
0.629630
0.661570
0.640503
0.676690
0.623853
0.648488
0.644071
0.657662
0.624193
0.631159
0.638464
0.673293
0.679579
0.661400
0.632518
0.680768
0.643901
0.676181
0.618926
0.612300
0.653075
0.675671
0.684336
0.665647
0.667006
0.506286
0.667346
0.691641
0.661400
0.632518
0.655793
0.630479
0.641692
0.650187
0.675501
0.680258
0.687564
0.636595
0.638124
0.642202
0.653075
0.691641
0.649168
0.652565
0.640163
0.654604
0.623683
0.647299
0.661230
0.628950
0.680938
0.675841
0.653415
0.633537
0.688583
0.646619
0.612470
0.633197
0.643731
0.651716
0.706592
0.655284
0.662589
0.702345
0.511213
0.642032
0.626062
0.653245
0.646449
0.686374
0.637105
0.696738
0.654774
0.632348
0.611961
0.615698
0.642032
0.638974
0.704213
0.627761
0.589874
0.686035
0.668705
0.625722
0.602446
0.660550
0.629290
0.667006
0.669215
0.685865
0.679069
0.643901
0.647469
0.634557
0.674652
0.634557
0.659021
0.653245
0.668026
0.651546
0.610601
0.645770
0.648318
0.671424
0.632178
0.674992
0.683316
0.626062
0.620285
0.681448
0.641692
0.680088
0.663439
0.640673
0.668875
0.641182
0.659871
0.678899
0.658002
0.590554
0.617057
0.633197
0.655284
0.637954
0.649168
0.632348
0.680938
0.716616
0.660381
0.650697
0.623174
0.666837
0.644580
0.687394
0.681448
0.663269
0.664118
0.653415
0.690792
0.631668
0.685015
0.626062
0.647978
0.691471
0.663948
0.693170
0.672613
0.630479
0.672953
0.695379
0.626741
0.687903
0.624023
0.668026
0.640843
0.638294
0.642542
0.623004
0.659701
0.638804
0.625382
0.636765
0.650357
0.656473
0.654094
0.686205
0.668705
0.634387
0.670574
0.626402
0.632178
0.634557
0.644580
0.649677
0.674142
0.624873
0.642881
0.630309
0.659531
0.629460
0.653585
0.640163
0.622324
0.639484
0.722222
0.679409
0.655454
0.641522
0.678559
0.717805
0.634047
0.640673
0.646789
0.666157
0.639314
0.636935
0.634896
0.671254
0.659531
0.698097
0.646959
0.626911
0.645770
0.660041
0.662249
0.648658
0.676181
0.676181
0.671424
0.636935
0.651716
0.675501
0.655963
0.670744
0.683486
0.659871
0.682807
0.651886
0.632688
0.672613
0.650187
0.637615
0.671764
0.634387
0.681108
0.668705
0.692491
0.660211
0.639314
0.653415
0.688583
0.638124
0.676351
0.681278
0.661570
0.628101
0.672273
0.630479
0.678729
0.682977
0.641692
0.671594
0.641352
0.609072
0.649507
0.641182
0.670404
0.657492
0.640333
0.623683
0.689263
0.644071
0.650017
0.634557
0.618586
0.652226
0.634896
0.583078
0.630139
0.678899
0.645600
0.690962
0.667006
0.678899
0.629630
0.590894
0.652396
0.672443
0.696228
0.664288
0.656813
0.606694
0.621814
0.668705
0.613150
0.616038
0.620795
0.664458
0.655284
0.655454
0.720183
0.658172
0.674652
0.654094
0.665817
0.650866
0.637615
0.612640
0.650527
0.683996
0.667686
0.667006
0.667686
0.607883
0.623683
0.663439
0.667176
0.695549
0.660890
0.681448
0.654264
0.646279
0.647978
0.638294
0.699966
0.657832
0.651716
0.639314
0.684336
0.645090
0.655793
0.657662
0.674652
0.624363
0.668366
0.659191
0.690792
0.670065
0.661910
0.619096
0.677200
0.632688
0.667856
0.659361
0.637105
0.641522
0.648998
0.680088
0.680768
0.695209
0.673632
0.679239
0.651546
0.693170
0.646789
0.621645
0.611111
0.633707
0.707441
0.637954
0.592253
0.645090
0.650527
0.673632
0.668026
0.685015
0.653755
0.688243
0.627591
0.637105
0.695039
0.664288
0.660211
0.685695
0.618926
0.675161
0.665477
0.680088
0.668705
0.572715
0.633028
0.631159
0.682297
0.654944
0.658682
0.650017
0.683486
0.567448
0.653755
0.662249
0.615698
0.645600
0.647808
0.653755
0.695889
0.657832
0.616378
0.625212
0.626402
0.678559
0.678389
0.645260
0.633877
0.549609
0.686035
0.636425
0.665647
0.655793
0.660041
0.681448
0.577642
0.681617
0.613150
0.643221
0.688753
0.654774
0.682807
0.655114
0.665647
0.661230
0.653585
0.671594
0.656813
0.662759
0.627591
0.648488
0.682297
0.685865
0.683996
0.654094
0.645600
0.597350
0.677880
0.635576
0.627591
0.615358
0.535338
0.617567
0.644071
0.629290
0.623513
0.635066
0.698437
0.674652
0.650187
0.636765
0.657832
0.688923
0.655963
0.667346
0.666157
0.592253
0.651376
0.629460
0.672103
0.630139
0.718824
0.636256
0.671084
0.695549
0.620625
0.687224
0.636595
0.641522
0.667176
0.672443
0.658172
0.643391
0.633537
0.633197
0.632858
0.659531
0.638974
0.607543
0.642202
0.662589
0.608223
0.676351
0.632008
0.684506
0.641692
0.641522
0.616718
0.675331
0.657492
0.674992
0.668705
0.638464
0.643051
0.643561
0.593102
0.646109
0.664798
0.654094
0.604995
0.644410
0.668196
0.643561
0.647978
0.672953
0.687224
0.683656
0.636595
0.634896
0.643051
0.636935
0.677710
0.650017
0.627251
0.678389
0.642032
0.610941
0.634047
0.624873
0.705403
0.639314
0.693680
0.655793
0.700646
0.643561
0.669045
0.658682
0.645090
0.669215
0.678220
0.697248
0.674822
0.632688
0.664288
0.609752
0.652905
0.684845
0.649847
0.649507
0.673123
0.650697
0.660890
0.688243
0.640843
0.654604
0.641692
0.703874
0.690962
0.646959
0.671764
0.656303
0.653585
0.642712
0.590044
0.630649
0.686884
0.629290
0.699626
0.642712
0.613150
0.652056
0.649507
0.633367
0.644920
0.663948
0.693850
0.649337
0.658852
0.689772
0.654604
0.671933
0.654604
0.682467
0.652735
0.609072
0.644410
0.660720
0.635066
0.685355
0.659531
0.643051
0.688413
0.647299
0.692321
0.662929
0.653755
0.655624
0.676181
0.692151
0.627761
0.598539
0.658172
0.698607
0.637275
0.585457
0.657492
0.664288
0.665138
0.605165
0.651546
0.695549
0.666497
0.665647
0.665817
0.636425
0.706592
0.636256
0.629969
0.717805
0.654944
0.659191
0.643901
0.655624
0.649168
0.678389
0.646449
0.596670
0.654944
0.640333
0.640333
0.702854
0.686544
0.667346
0.678899
0.692661
0.641522
0.681278
0.652056
0.638804
0.609412
0.649168
0.652226
0.615528
0.515800
0.667516
0.673462
0.636935
0.678729
0.653245
0.651036
0.665138
0.652396
0.660041
0.597350
0.640333
0.662080
0.634047
0.634896
0.652226
0.660041
0.691981
0.621984
0.623174
0.630479
0.648488
0.613999
0.663778
0.688413
0.644580
0.661400
0.660381
0.630479
0.609242
0.628950
0.645090
0.677030
0.651716
0.585287
0.620795
0.659021
0.658852
0.653415
0.663948
0.628950
0.654434
0.644580
0.623004
0.631668
0.649847
0.677540
0.640333
0.611111
0.657832
0.672443
0.590384
0.574414
0.665477
0.651036
0.698097
0.642202
0.643901
0.609752
0.641692
0.654264
0.631838
0.664118
0.641182
0.604995
0.716276
0.640673
0.672613
0.655963
0.638124
0.636935
0.648148
0.644071
0.676351
0.608053
0.674312
0.662080
0.705742
0.651036
0.677880
0.630139
0.655284
0.647469
0.646789
0.683316
0.585457
0.680258
0.674652
0.658682
0.641862
0.652735
0.690622
0.667516
0.576453
0.640163
0.680428
0.658512
0.652565
0.660890
0.683486
0.633028
0.677030
0.641522
0.648658
0.614849
0.640673
0.694869
0.637615
0.652905
0.686544
0.660890
0.705742
0.690452
0.627591
0.630309
0.702175
0.687734
0.665817
0.702005
0.704893
0.679069
0.652226
-------
-------
*******
