0.701581
0.802372
0.762846
0.644269
0.693676
0.782609
0.638340
0.743083
0.679842
0.754941
0.766798
0.683794
0.717391
0.697628
0.681818
0.743083
0.600791
0.745059
0.681818
0.741107
0.770751
0.703557
0.725296
0.725296
0.745059
0.677866
0.666008
0.616601
0.691700
0.820158
0.752964
0.717391
0.717391
0.703557
0.630435
0.697628
0.699605
0.729249
0.658103
0.754941
0.620553
0.758893
0.750988
0.671937
0.715415
0.571146
0.780632
0.628458
0.666008
0.669960
0.758893
0.656126
0.745059
0.721344
0.679842
0.770751
0.666008
0.800395
0.707510
0.717391
0.727273
0.618577
0.766798
0.707510
0.731225
0.798419
0.707510
0.776680
0.733202
0.687747
0.717391
0.719368
0.648221
0.723320
0.721344
0.687747
0.666008
0.735178
0.618577
0.743083
0.691700
0.662055
0.664032
0.739130
0.745059
0.658103
0.656126
0.768775
0.766798
0.683794
0.644269
0.739130
0.709486
0.675889
0.677866
0.648221
0.721344
0.675889
0.735178
0.766798
0.695652
0.749012
0.577075
0.762846
0.602767
0.794466
0.677866
0.729249
0.654150
0.752964
0.723320
0.766798
0.733202
0.695652
0.739130
0.739130
0.662055
0.705534
0.741107
0.808300
0.749012
0.677866
0.650198
0.666008
0.701581
0.569170
0.695652
0.723320
0.656126
0.693676
0.719368
0.780632
0.677866
0.689723
0.634387
0.735178
0.675889
0.687747
0.733202
0.768775
0.703557
0.689723
0.727273
0.632411
0.705534
0.695652
0.709486
0.721344
0.675889
0.739130
0.699605
0.719368
0.723320
0.669960
0.717391
0.703557
0.679842
0.685771
0.766798
0.656126
0.679842
0.666008
0.733202
0.638340
0.711462
0.709486
0.770751
0.658103
0.733202
0.752964
0.671937
0.733202
0.679842
0.745059
0.503953
0.745059
0.739130
0.707510
0.658103
0.685771
0.567194
0.654150
0.758893
0.756917
0.733202
0.705534
0.750988
0.743083
0.697628
0.577075
0.420949
0.693676
0.652174
0.723320
0.800395
0.662055
0.715415
0.703557
0.717391
0.774704
0.770751
0.749012
0.760870
0.758893
0.749012
0.705534
0.701581
0.608696
0.667984
0.699605
0.770751
0.683794
0.747036
0.652174
0.747036
0.709486
0.689723
0.673913
0.681818
0.715415
0.715415
0.788538
0.675889
0.713439
0.679842
0.729249
0.660079
0.770751
0.733202
0.581028
0.760870
0.656126
0.687747
0.768775
0.701581
0.776680
0.717391
0.776680
0.733202
0.693676
0.687747
0.612648
0.681818
0.658103
0.703557
0.750988
0.719368
0.660079
0.723320
0.707510
0.729249
0.705534
0.735178
0.701581
0.675889
0.654150
0.683794
0.697628
0.715415
0.743083
0.669960
0.731225
0.762846
0.729249
0.681818
0.749012
0.713439
0.658103
0.711462
0.701581
0.630435
0.719368
0.675889
0.715415
0.782609
0.713439
0.662055
0.750988
0.727273
0.721344
0.727273
0.697628
0.721344
0.737154
0.666008
0.721344
0.669960
0.681818
0.695652
0.743083
0.758893
0.669960
0.737154
0.756917
0.687747
0.739130
0.675889
0.725296
0.745059
0.707510
0.683794
0.709486
0.735178
0.709486
0.689723
0.711462
0.721344
0.729249
0.741107
0.737154
0.750988
0.812253
0.713439
0.723320
0.745059
0.689723
0.646245
0.713439
0.719368
0.727273
0.642292
0.713439
0.778656
0.685771
0.780632
0.735178
0.691700
0.747036
0.638340
0.664032
0.735178
0.644269
0.754941
0.685771
0.709486
0.689723
0.747036
0.790514
0.758893
0.733202
0.662055
0.727273
0.660079
0.703557
0.741107
0.719368
0.743083
0.689723
0.743083
0.766798
0.628458
0.705534
0.683794
0.703557
0.739130
0.644269
0.679842
0.723320
0.695652
0.774704
0.667984
0.749012
0.750988
0.681818
0.717391
0.741107
0.606719
0.792490
0.768775
0.691700
0.719368
0.772727
0.711462
0.719368
0.731225
0.737154
0.673913
0.632411
0.675889
0.719368
0.691700
0.695652
0.717391
0.731225
0.776680
0.731225
0.683794
0.733202
0.632411
0.707510
0.719368
0.745059
0.723320
0.662055
0.693676
0.766798
0.735178
0.675889
0.762846
0.709486
0.766798
0.699605
0.749012
0.687747
0.705534
0.681818
0.713439
0.798419
0.705534
0.679842
0.719368
0.699605
0.705534
0.640316
0.717391
0.695652
0.739130
0.606719
0.577075
0.697628
0.776680
0.735178
0.723320
0.733202
0.622530
0.723320
0.784585
0.752964
0.689723
0.709486
0.691700
0.733202
0.717391
0.711462
0.717391
0.770751
0.711462
0.664032
0.689723
0.812253
0.656126
0.715415
0.671937
0.699605
0.760870
0.721344
0.573123
0.756917
0.762846
0.717391
0.687747
0.709486
0.667984
0.715415
0.541502
0.756917
0.758893
0.677866
0.810277
0.654150
0.778656
0.664032
0.693676
0.745059
0.754941
0.743083
0.699605
0.739130
0.685771
0.685771
0.778656
0.683794
0.699605
0.693676
0.723320
0.705534
0.747036
0.756917
0.652174
0.703557
0.681818
0.772727
0.590909
0.715415
0.644269
0.717391
0.796443
0.794466
0.768775
0.750988
0.667984
0.762846
0.731225
0.713439
0.737154
0.731225
0.711462
0.745059
0.592885
0.677866
0.666008
0.713439
0.715415
0.727273
0.729249
0.786561
0.760870
0.750988
0.762846
0.673913
0.685771
0.737154
0.697628
0.731225
0.743083
0.711462
0.735178
0.707510
0.731225
0.798419
0.656126
0.697628
0.707510
0.752964
0.778656
0.717391
0.662055
0.697628
0.604743
0.754941
0.756917
0.654150
0.762846
0.784585
0.705534
0.739130
0.754941
0.747036
0.741107
0.725296
0.662055
0.723320
0.743083
0.717391
0.697628
0.739130
0.729249
0.794466
0.760870
0.685771
0.822134
0.752964
0.733202
0.679842
0.735178
0.756917
0.636364
0.662055
0.699605
0.709486
0.693676
0.701581
0.754941
0.648221
0.687747
0.703557
0.654150
0.756917
0.691700
0.739130
0.739130
0.673913
0.671937
0.800395
0.622530
0.687747
0.614625
0.685771
0.741107
0.737154
0.758893
0.721344
0.717391
0.673913
0.705534
0.719368
0.776680
0.662055
0.699605
0.699605
0.814229
0.646245
0.774704
0.737154
0.549407
0.644269
0.638340
0.697628
0.679842
0.745059
0.677866
0.648221
0.735178
0.725296
0.764822
0.768775
0.731225
0.717391
0.687747
0.709486
0.677866
0.673913
0.624506
0.646245
0.737154
0.733202
0.699605
0.756917
0.762846
0.737154
0.745059
0.725296
0.667984
0.679842
0.610672
0.735178
0.733202
0.752964
0.644269
0.756917
0.679842
0.620553
0.664032
0.762846
0.754941
0.725296
0.733202
0.715415
0.679842
0.634387
0.685771
0.747036
0.715415
0.727273
0.616601
0.832016
0.717391
0.770751
0.766798
0.727273
0.697628
0.600791
0.636364
0.727273
0.739130
0.741107
0.721344
0.707510
0.729249
0.754941
0.715415
0.667984
0.717391
0.741107
0.689723
0.725296
0.739130
0.731225
0.715415
0.707510
0.679842
0.679842
0.717391
0.701581
0.677866
0.654150
0.784585
0.774704
0.646245
0.549407
0.786561
0.664032
0.638340
0.703557
0.778656
0.658103
0.749012
0.669960
0.758893
0.747036
0.758893
0.652174
0.758893
0.711462
0.703557
0.675889
0.733202
0.762846
0.717391
0.719368
0.750988
0.774704
0.697628
0.709486
0.699605
0.729249
0.709486
0.685771
0.675889
0.725296
0.703557
0.626482
0.675889
0.786561
0.725296
0.620553
0.666008
0.703557
0.652174
0.750988
0.754941
0.695652
0.733202
0.713439
0.766798
0.705534
0.693676
0.604743
0.770751
0.557312
0.707510
0.697628
0.681818
0.719368
0.669960
0.756917
0.644269
0.739130
0.741107
0.525692
0.735178
0.594862
0.745059
0.693676
0.735178
0.705534
0.602767
0.677866
0.756917
0.648221
0.671937
0.681818
0.685771
0.646245
0.719368
0.719368
0.729249
0.768775
0.604743
0.747036
0.747036
0.743083
0.721344
0.636364
0.750988
0.709486
0.758893
0.723320
0.666008
0.715415
0.679842
0.662055
0.719368
0.762846
0.790514
0.749012
0.735178
0.604743
0.697628
0.758893
0.691700
0.747036
0.739130
0.725296
0.758893
0.725296
0.721344
0.691700
0.691700
0.741107
0.745059
0.729249
0.709486
0.719368
0.758893
0.733202
0.713439
0.705534
0.760870
0.628458
0.683794
0.662055
0.681818
0.721344
0.725296
0.725296
0.703557
0.669960
0.721344
0.669960
0.747036
0.727273
0.697628
0.717391
0.750988
0.666008
0.747036
0.681818
0.669960
0.598814
0.699605
0.725296
0.705534
0.729249
0.752964
0.770751
0.667984
0.683794
0.709486
0.739130
0.677866
0.683794
0.733202
0.743083
0.754941
0.359684
0.733202
0.749012
0.689723
0.644269
0.709486
0.796443
0.733202
0.758893
0.660079
0.749012
0.709486
0.772727
0.620553
0.711462
0.772727
0.764822
0.715415
0.671937
0.687747
0.711462
0.768775
0.758893
0.624506
0.650198
0.780632
0.685771
0.790514
0.752964
0.652174
0.768775
0.600791
0.681818
0.667984
0.715415
0.756917
0.733202
0.743083
0.673913
0.689723
0.683794
0.681818
0.764822
0.671937
0.747036
0.713439
0.691700
0.703557
0.768775
0.685771
0.616601
0.679842
0.824111
0.762846
0.705534
0.664032
0.772727
0.709486
0.758893
0.719368
0.747036
0.642292
0.693676
0.737154
0.747036
0.749012
0.689723
0.640316
0.679842
0.719368
0.743083
0.741107
0.636364
0.701581
0.784585
0.677866
0.727273
0.778656
0.642292
0.689723
0.683794
0.725296
0.741107
0.689723
0.660079
0.721344
0.628458
0.693676
0.733202
0.750988
0.768775
0.642292
0.743083
0.697628
0.778656
0.705534
0.717391
0.658103
0.598814
0.691700
0.780632
0.721344
0.689723
0.658103
0.693676
0.713439
0.772727
0.743083
0.735178
0.581028
0.747036
0.752964
0.733202
0.656126
0.709486
0.555336
0.749012
0.630435
0.713439
0.735178
0.745059
0.747036
0.782609
0.685771
0.622530
0.701581
0.749012
0.685771
0.739130
0.701581
0.776680
0.745059
0.792490
0.776680
0.581028
0.758893
0.650198
0.648221
0.758893
0.650198
0.725296
0.709486
0.727273
0.703557
0.711462
0.721344
0.725296
0.705534
0.691700
0.717391
0.715415
0.689723
0.715415
0.642292
0.762846
0.697628
0.731225
0.764822
0.794466
0.766798
0.675889
0.741107
0.760870
0.721344
0.715415
-------
-------
*******
