0.594122
0.591743
0.570676
0.524125
0.570251
0.574839
0.582059
0.506541
0.584438
0.570166
0.529222
0.585627
0.565579
0.602107
0.590979
0.549354
0.556575
0.581464
0.520727
0.495583
0.560313
0.555471
0.553687
0.565409
0.522086
0.562861
0.576962
0.551138
0.503823
0.512572
0.564815
0.541964
0.586561
0.532620
0.546296
0.551563
0.560058
0.559633
0.579426
0.520387
0.483945
0.539331
0.584098
0.579001
0.569062
0.560228
0.560992
0.547146
0.552413
0.540775
0.531515
0.595906
0.580445
0.593612
0.595141
0.589874
0.524125
0.523870
0.552922
0.548505
0.556915
0.560483
0.483690
0.525314
0.545192
0.478253
0.562181
0.558699
0.587836
0.539416
0.565579
0.556490
0.575263
0.583163
0.533469
0.543918
0.565155
0.556575
0.524125
0.614169
0.547910
0.524125
0.545362
0.587751
0.554281
0.516225
0.548420
0.563880
0.591828
0.520897
0.580530
0.570082
0.578916
0.574414
0.567958
0.570082
0.566004
0.571271
0.602362
0.583758
0.559803
0.575518
0.519963
0.609837
0.569147
0.544512
0.575093
0.545702
0.518349
0.584013
0.591913
0.488872
0.588940
0.532705
0.580275
0.560313
0.584183
0.486918
0.518094
0.614849
0.531600
0.579850
0.507051
0.534998
0.506201
0.536612
0.588515
0.597095
0.571186
0.593527
0.573479
0.562946
0.568637
0.573989
0.541709
0.552582
0.585457
0.536867
0.570931
0.517754
0.564135
0.578661
0.582484
0.599049
0.552582
0.535083
0.597265
0.589619
0.530156
0.509854
0.577812
0.583673
0.551478
0.583673
0.571950
0.523615
0.556405
0.582229
0.528712
0.587071
0.559888
0.523276
0.582824
0.535338
0.551648
0.553517
0.573479
0.556405
0.565749
0.580785
0.513592
0.569997
0.523870
0.562606
0.523276
0.580870
0.502633
0.510449
0.563371
0.549015
0.529477
0.569657
0.554961
0.567108
0.582229
0.548760
0.562606
0.553262
0.582059
0.570082
0.553857
0.583928
0.565749
0.554621
0.537377
0.592423
0.509939
0.570931
0.535593
0.526673
0.566089
0.590384
0.552328
0.582314
0.568892
0.552497
0.465087
0.559208
0.538311
0.565834
0.511978
0.538566
0.559633
0.538906
0.570506
0.536952
0.573564
0.492525
0.534489
0.562946
0.567363
0.516565
0.595141
0.503653
0.558274
0.548165
0.588260
0.570421
0.540605
0.561502
0.566429
0.576368
0.573904
0.574924
0.522596
0.548505
0.489127
0.574924
0.563541
0.563626
0.484285
0.544852
0.574329
0.607034
0.527778
0.607204
0.507390
0.536018
0.531515
0.573734
0.505861
0.559463
0.551478
0.515715
0.502124
0.576792
0.512317
0.553517
0.575263
0.588260
0.560143
0.492949
0.504162
0.546891
0.533724
0.536357
0.530921
0.540690
0.503908
0.546806
0.540095
0.583843
0.515460
0.528542
0.546296
0.599049
0.547825
0.492440
0.536273
0.579086
0.540605
0.589704
0.529732
0.551903
0.566684
0.574074
0.602446
0.558953
0.556745
0.568977
0.567958
0.578406
0.574924
0.558529
0.573394
0.564050
0.562946
0.557679
0.582569
0.548675
0.547740
0.591064
0.538651
0.541030
0.599643
0.568043
0.546041
0.574244
0.565749
0.553177
0.560992
0.556405
0.538991
0.574414
0.546466
0.607883
0.569997
0.524975
0.551393
0.539331
0.548930
0.575178
0.557509
0.518264
0.582739
0.595226
0.535508
0.577132
0.608563
0.601512
0.558104
0.557594
0.532280
0.573904
0.599473
0.572800
0.569232
0.554281
0.503058
0.522681
0.584692
0.515460
0.580190
0.547740
0.552667
0.551903
0.554876
0.582484
0.557509
0.584438
0.576028
0.575773
0.576962
0.570676
0.566259
0.568213
0.539416
0.566174
0.544258
0.519538
0.559888
0.576028
0.534913
0.588005
0.543408
0.482586
0.583333
0.548250
0.545787
0.586816
0.550289
0.550204
0.565240
0.571016
0.559633
0.568298
0.527353
0.559208
0.551903
0.559888
0.535253
0.573904
0.523445
0.529137
0.515545
0.473666
0.530666
0.590469
0.562266
0.561502
0.547740
0.531685
0.570082
0.531770
0.545617
0.595481
0.545702
0.550034
0.563286
0.572205
0.531940
0.573904
0.558529
0.557594
0.567873
0.572715
0.569147
0.579086
0.544258
0.604315
0.557509
0.574414
0.608987
0.546041
0.582569
0.541964
0.584268
0.560737
0.534489
0.550204
0.582994
0.556575
0.545192
0.480972
0.555810
0.497112
0.568722
0.616208
0.524975
0.580785
0.540010
0.588175
0.581634
0.554706
0.585457
0.583673
0.551138
0.566769
0.604740
0.535253
0.565324
0.511553
0.575603
0.549015
0.538736
0.576538
0.604740
0.574669
0.532025
0.541964
0.584438
0.550289
0.555216
0.532620
0.606949
0.534659
0.574159
0.526928
0.560143
0.590979
0.544937
0.527523
0.544852
0.572460
0.569402
0.540265
0.575858
0.571611
0.524210
0.556915
0.560907
0.588430
0.579256
0.576622
0.505097
0.589450
0.570421
0.575093
0.559293
0.572035
0.567363
0.519623
0.610856
0.570251
0.543578
0.542304
0.555131
0.553517
0.483690
0.561927
0.515715
0.559463
0.583418
0.564475
0.564815
0.573989
0.560483
0.557339
0.537462
0.550034
0.584608
0.538141
0.545277
0.535423
0.538821
0.541030
0.584523
0.592593
0.587751
0.587836
0.601852
0.571271
0.569912
0.582909
0.551053
0.574839
0.537122
0.550204
0.547995
0.555895
0.584098
0.555131
0.544173
0.593952
0.571441
0.579935
0.569487
0.460839
0.585967
0.506626
0.568722
0.534404
0.556830
0.565155
0.589704
0.581040
0.582569
0.576113
0.522851
0.549269
0.522511
0.551478
0.568892
0.555216
0.590639
0.571271
0.524635
0.535338
0.571441
0.576113
0.496177
0.550799
0.534743
0.543833
0.570082
0.551478
0.572375
0.496687
0.578746
0.571865
0.590724
0.545872
0.578236
0.483945
0.506456
0.572630
0.560313
0.591488
0.541794
0.550799
0.578746
0.585967
0.589704
0.585542
0.544343
0.553177
0.565834
0.546891
0.560228
0.574159
0.480292
0.531261
0.559378
0.588005
0.477489
0.512912
0.528287
0.556915
0.576962
0.561502
0.597180
0.559378
0.584098
0.524295
0.574159
0.575433
0.575263
0.565919
0.580360
0.525144
0.593612
0.529477
0.580615
0.571865
0.555641
0.572715
0.537377
0.546721
0.571950
0.595990
0.541964
0.532620
0.594037
0.526164
0.566004
0.542134
0.581719
0.590299
0.542389
0.597435
0.544682
0.416582
0.583588
0.490061
0.537632
0.533894
0.548845
0.484030
0.554281
0.609667
0.494393
0.573225
0.585542
0.581889
0.578661
0.560652
0.554196
0.596075
0.591318
0.592762
0.559123
0.572290
0.537802
0.547825
0.519963
0.559548
0.514016
0.570506
0.509514
0.585032
0.556150
0.552413
0.581125
0.503653
0.513592
0.563116
0.551648
0.565664
0.605929
0.511893
0.602616
0.609412
0.554536
0.548760
0.565919
0.567533
0.563795
0.574754
0.552413
0.594376
0.514356
0.579850
0.589704
0.584098
0.516395
0.523785
0.574074
0.539246
0.587836
0.561077
0.565070
0.570931
0.572460
0.587411
0.572120
0.515291
0.564560
0.563031
0.500680
0.589874
0.557339
0.553857
0.577897
0.520217
0.546211
0.575518
0.553687
0.569997
0.563286
0.527608
0.543578
0.547061
0.604315
0.574669
0.478084
0.541794
0.579511
0.588345
0.549100
0.560822
0.583928
0.560822
0.571441
0.565324
0.476894
0.560058
0.516480
0.501189
0.541115
0.581974
0.591573
0.572460
0.548420
0.582399
0.496262
0.488362
0.584013
0.568807
0.604655
0.540350
0.551648
0.584862
0.585032
0.566854
0.542898
0.569912
0.589959
0.571526
0.538566
0.497791
0.566344
0.512232
0.568892
0.564730
0.582824
0.570082
0.584692
0.530156
0.552752
0.551818
0.554281
0.529137
0.584268
0.544512
0.543578
0.529392
0.561757
0.532365
0.541030
0.597520
0.551138
0.563286
0.553262
0.571780
0.538141
0.590979
0.567533
0.604400
0.575518
0.580190
0.571950
0.486323
0.510703
0.533129
0.561927
0.604230
0.527353
0.558019
0.602192
0.595226
0.564475
0.533809
0.554451
0.545192
0.593952
0.579341
0.535763
0.602446
0.548165
0.550034
0.536103
0.597265
0.527013
0.499320
0.593017
0.535338
0.587411
0.575263
0.591573
0.561332
0.558953
0.565324
0.520217
0.511638
0.525059
0.562436
0.567193
0.589619
0.565664
0.578746
0.571016
0.506116
0.489042
0.567618
0.550034
0.582569
0.548335
0.570251
0.600323
0.544343
0.559718
0.617907
0.570591
0.569657
0.569657
0.535508
0.557000
0.577557
0.498131
0.604910
0.524465
0.554961
0.599983
0.566429
0.531940
0.532960
0.491081
0.510024
0.559548
0.554961
0.564730
0.580530
0.540265
0.558614
0.550374
0.516055
0.578406
0.597095
0.519453
0.571780
0.582229
0.539416
0.580530
0.553177
0.544682
0.565155
0.532790
0.571271
0.547316
0.577387
0.582484
0.573225
0.543918
0.542983
0.537887
0.603551
0.555810
0.552752
0.565155
0.531176
0.568722
0.537292
0.572885
0.540180
0.518009
0.571356
0.524125
0.535678
0.514186
0.562861
0.528627
0.519793
0.553177
0.531176
0.546721
0.521916
0.557764
0.571696
0.562946
0.531940
0.457271
0.532025
0.568213
0.594461
0.541794
0.565155
0.593527
0.578321
0.564730
0.574074
0.560228
0.587156
0.551478
0.543918
0.507560
0.562861
0.566004
0.591828
0.628440
0.577217
0.547740
0.582654
0.598709
0.553347
0.574499
0.584523
0.557509
0.562266
0.467295
0.587581
0.578152
0.553432
0.550883
0.514611
0.556745
0.568892
0.576368
0.580785
0.557764
0.573734
0.435270
0.563116
0.557679
0.592338
0.560737
0.543068
0.534489
0.533299
0.520897
0.586731
0.581974
0.524210
0.537971
0.570761
0.523785
0.582909
0.593782
0.579511
0.545447
0.569827
0.598624
0.565240
0.509344
0.528033
0.500170
0.562776
0.556150
0.571441
0.568468
0.602362
0.570931
0.547571
0.569402
0.521067
0.528797
0.509939
0.552922
0.576028
0.570336
0.529901
0.579766
0.602531
0.513592
0.582059
0.580190
0.529562
0.579256
0.540690
0.539670
0.578321
0.585202
0.580700
0.580445
0.555131
0.538396
0.483605
0.546976
0.564050
0.557509
0.546806
0.513167
0.559208
0.549694
0.562097
0.532705
0.586137
0.570761
0.558019
0.480547
0.562606
-------
-------
*******
