0.802372
0.810277
0.822134
0.786561
0.841897
0.588933
0.474308
0.830040
0.774704
0.786561
0.794466
0.715415
0.656126
0.707510
0.857708
0.754941
0.814229
0.719368
0.770751
0.814229
0.806324
0.845850
0.841897
0.810277
0.743083
0.782609
0.830040
0.810277
0.754941
0.798419
0.778656
0.778656
0.790514
0.679842
0.830040
0.861660
0.826087
0.739130
0.822134
0.782609
0.766798
0.814229
0.818182
0.790514
0.664032
0.786561
0.727273
0.648221
0.790514
0.723320
0.747036
0.750988
0.632411
0.794466
0.826087
0.790514
0.782609
0.766798
0.707510
0.822134
0.762846
0.782609
0.802372
0.778656
0.778656
0.802372
0.806324
0.766798
0.826087
0.837945
0.758893
0.841897
0.810277
0.754941
0.830040
0.830040
0.814229
0.810277
0.841897
0.782609
0.814229
0.750988
0.826087
0.814229
0.818182
0.790514
0.810277
0.766798
0.794466
0.869565
0.679842
0.743083
0.735178
0.806324
0.830040
0.652174
0.810277
0.727273
0.782609
0.822134
0.790514
0.794466
0.794466
0.778656
0.770751
0.822134
0.774704
0.754941
0.814229
0.790514
0.731225
0.837945
0.802372
0.833992
0.810277
0.810277
0.667984
0.798419
0.810277
0.818182
0.703557
0.715415
0.790514
0.814229
0.766798
0.794466
0.754941
0.810277
0.798419
0.818182
0.770751
0.802372
0.727273
0.802372
0.826087
0.782609
0.770751
0.786561
0.802372
0.750988
0.782609
0.826087
0.798419
0.620553
0.758893
0.628458
0.806324
0.758893
0.818182
0.802372
0.786561
0.715415
0.774704
0.743083
0.790514
0.822134
0.806324
0.798419
0.810277
0.833992
0.667984
0.754941
0.715415
0.845850
0.691700
0.762846
0.727273
0.770751
0.778656
0.778656
0.806324
0.830040
0.794466
0.830040
0.810277
0.798419
0.814229
0.664032
0.822134
0.849802
0.841897
0.782609
0.770751
0.814229
0.802372
0.679842
0.806324
0.806324
0.802372
0.798419
0.826087
0.810277
0.798419
0.782609
0.719368
0.822134
0.794466
0.814229
0.798419
0.782609
0.786561
0.837945
0.770751
0.754941
0.810277
0.778656
0.841897
0.778656
0.782609
0.758893
0.790514
0.747036
0.814229
0.747036
0.818182
0.810277
0.723320
0.810277
0.865613
0.782609
0.770751
0.814229
0.758893
0.778656
0.786561
0.794466
0.778656
0.841897
0.766798
0.794466
0.770751
0.754941
0.770751
0.766798
0.877470
0.790514
0.810277
0.786561
0.735178
0.810277
0.743083
0.758893
0.802372
0.778656
0.810277
0.774704
0.794466
0.754941
0.818182
0.837945
0.853755
0.810277
0.664032
0.770751
0.794466
0.762846
0.774704
0.833992
0.790514
0.790514
0.711462
0.747036
0.644269
0.849802
0.818182
0.790514
0.841897
0.845850
0.790514
0.853755
0.770751
0.826087
0.671937
0.770751
0.687747
0.794466
0.810277
0.770751
0.758893
0.833992
0.833992
0.818182
0.806324
0.715415
0.754941
0.747036
0.727273
0.770751
0.806324
0.735178
0.782609
0.794466
0.818182
0.790514
0.624506
0.723320
0.695652
0.766798
0.727273
0.806324
0.806324
0.766798
0.774704
0.695652
0.833992
0.762846
0.849802
0.671937
0.648221
0.853755
0.770751
0.798419
0.747036
0.754941
0.691700
0.727273
0.687747
0.731225
0.810277
0.798419
0.715415
0.778656
0.774704
0.818182
0.814229
0.770751
0.766798
0.786561
0.802372
0.754941
0.762846
0.873518
0.454545
0.794466
0.830040
0.731225
0.830040
0.857708
0.770751
0.794466
0.671937
0.822134
0.770751
0.731225
0.786561
0.770751
0.739130
0.845850
0.758893
0.826087
0.754941
0.806324
0.774704
0.774704
0.826087
0.719368
0.731225
0.640316
0.865613
0.707510
0.802372
0.731225
0.826087
0.739130
0.818182
0.778656
0.747036
0.845850
0.750988
0.675889
0.833992
0.786561
0.719368
0.778656
0.806324
0.818182
0.739130
0.798419
0.806324
0.818182
0.565217
0.723320
0.766798
0.664032
0.770751
0.727273
0.794466
0.774704
0.786561
0.723320
0.853755
0.770751
0.620553
0.778656
0.774704
0.778656
0.798419
0.782609
0.774704
0.830040
0.695652
0.766798
0.810277
0.818182
0.845850
0.766798
0.454545
0.837945
0.798419
0.806324
0.778656
0.648221
0.853755
0.758893
0.695652
0.810277
0.802372
0.837945
0.865613
0.837945
0.743083
0.794466
0.802372
0.747036
0.818182
0.841897
0.731225
0.794466
0.822134
0.845850
0.774704
0.758893
0.679842
0.679842
0.782609
0.778656
0.802372
0.806324
0.683794
0.770751
0.841897
0.766798
0.782609
0.667984
0.624506
0.873518
0.782609
0.837945
0.818182
0.790514
0.853755
0.790514
0.806324
0.711462
0.818182
0.810277
0.822134
0.826087
0.739130
0.758893
0.798419
0.632411
0.802372
0.762846
0.830040
0.814229
0.675889
0.695652
0.814229
0.849802
0.723320
0.806324
0.754941
0.802372
0.810277
0.770751
0.750988
0.806324
0.790514
0.750988
0.762846
0.814229
0.604743
0.758893
0.656126
0.719368
0.735178
0.786561
0.766798
0.830040
0.727273
0.762846
0.723320
0.758893
0.778656
0.719368
0.782609
0.798419
0.750988
0.814229
0.766798
0.762846
0.727273
0.853755
0.739130
0.786561
0.826087
0.873518
0.853755
0.711462
0.636364
0.774704
0.754941
0.810277
0.826087
0.758893
0.782609
0.474308
0.762846
0.837945
0.766798
0.774704
0.802372
0.877470
0.790514
0.778656
0.766798
0.818182
0.802372
0.798419
0.826087
0.782609
0.735178
0.786561
0.822134
0.806324
0.786561
0.810277
0.806324
0.770751
0.857708
0.747036
0.758893
0.814229
0.774704
0.814229
0.806324
0.810277
0.845850
0.774704
0.762846
0.762846
0.794466
0.774704
0.822134
0.806324
0.806324
0.814229
0.794466
0.770751
0.857708
0.624506
0.735178
0.750988
0.837945
0.782609
0.810277
0.774704
0.735178
0.660079
0.798419
0.782609
0.687747
0.758893
0.770751
0.754941
0.762846
0.810277
0.762846
0.782609
0.790514
0.798419
0.841897
0.810277
0.600791
0.675889
0.798419
0.750988
0.754941
0.604743
0.853755
0.782609
0.814229
0.818182
0.715415
0.826087
0.806324
0.770751
0.826087
0.822134
0.814229
0.810277
0.762846
0.766798
0.743083
0.786561
0.826087
0.786561
0.822134
0.794466
0.833992
0.849802
0.778656
0.869565
0.782609
0.660079
0.869565
0.802372
0.715415
0.758893
0.774704
0.592885
0.833992
0.786561
0.833992
0.754941
0.865613
0.833992
0.810277
0.758893
0.703557
0.632411
0.857708
0.683794
0.762846
0.636364
0.790514
0.841897
0.747036
0.778656
0.869565
0.786561
0.810277
0.711462
0.707510
0.743083
0.758893
0.750988
0.818182
0.849802
0.711462
0.822134
0.810277
0.802372
0.754941
0.754941
0.853755
0.810277
0.849802
0.743083
0.841897
0.810277
0.826087
0.869565
0.790514
0.814229
0.798419
0.774704
0.810277
0.818182
0.719368
0.833992
0.778656
0.667984
0.806324
0.837945
0.782609
0.782609
0.810277
0.814229
0.770751
0.770751
0.750988
0.810277
0.691700
0.802372
0.841897
0.675889
0.818182
0.818182
0.762846
0.837945
0.837945
0.782609
0.782609
0.703557
0.837945
0.806324
0.814229
0.644269
0.794466
0.794466
0.703557
0.774704
0.822134
0.853755
0.833992
0.762846
0.794466
0.683794
0.826087
0.762846
0.735178
0.822134
0.830040
0.747036
0.802372
0.790514
0.798419
0.762846
0.774704
0.802372
0.750988
0.723320
0.798419
0.758893
0.806324
0.762846
0.644269
0.798419
0.766798
0.826087
0.774704
0.814229
0.766798
0.747036
0.766798
0.743083
0.818182
0.830040
0.818182
0.770751
0.758893
0.644269
0.774704
0.830040
0.509881
0.739130
0.818182
0.743083
0.770751
0.810277
0.774704
0.782609
0.699605
0.818182
0.695652
0.699605
0.833992
0.679842
0.865613
0.774704
0.667984
0.853755
0.703557
0.833992
0.790514
0.790514
0.758893
0.790514
0.826087
0.778656
0.656126
0.786561
0.608696
0.731225
0.798419
0.770751
0.770751
0.837945
0.778656
0.810277
0.810277
0.798419
0.822134
0.837945
0.774704
0.758893
0.861660
0.802372
0.790514
0.652174
0.754941
0.786561
0.826087
0.612648
0.774704
0.727273
0.750988
0.762846
0.770751
0.739130
0.735178
0.747036
0.786561
0.873518
0.818182
0.818182
0.612648
0.806324
0.774704
0.806324
0.806324
0.770751
0.723320
0.837945
0.774704
0.818182
0.806324
0.853755
0.802372
0.636364
0.810277
0.770751
0.762846
0.794466
0.806324
0.806324
0.671937
0.794466
0.830040
0.754941
0.774704
0.711462
0.608696
0.774704
0.766798
0.774704
0.604743
0.798419
0.826087
0.782609
0.743083
0.750988
0.806324
0.766798
0.818182
0.794466
0.790514
0.826087
0.786561
0.537549
0.869565
0.818182
0.814229
0.833992
0.830040
0.786561
0.766798
0.656126
0.786561
0.648221
0.841897
0.822134
0.774704
0.786561
0.739130
0.833992
0.798419
0.798419
0.731225
0.818182
0.747036
0.731225
0.758893
0.790514
0.711462
0.679842
0.675889
0.770751
0.810277
0.727273
0.806324
0.739130
0.644269
0.778656
0.731225
0.837945
0.675889
0.766798
0.798419
0.778656
0.814229
0.822134
0.830040
0.837945
0.758893
0.758893
0.810277
0.786561
0.699605
0.786561
0.798419
0.818182
0.822134
0.758893
0.802372
0.822134
0.837945
0.782609
0.786561
0.822134
0.675889
0.723320
0.739130
0.802372
0.810277
0.841897
0.778656
0.569170
0.782609
0.830040
0.853755
0.770751
0.794466
0.806324
0.778656
0.758893
0.806324
0.822134
0.798419
0.747036
0.837945
0.786561
0.656126
0.786561
0.794466
0.754941
0.711462
0.837945
0.818182
0.766798
0.778656
0.837945
0.810277
0.754941
0.798419
0.750988
0.671937
0.794466
0.798419
0.814229
0.778656
0.798419
0.758893
0.814229
0.770751
0.786561
0.806324
0.739130
0.750988
0.798419
0.739130
0.833992
0.770751
0.782609
0.758893
0.818182
0.723320
0.814229
0.731225
0.814229
0.766798
0.652174
0.786561
0.806324
0.747036
0.814229
0.782609
0.833992
0.833992
0.790514
0.810277
0.739130
0.806324
0.841897
0.652174
0.782609
0.687747
0.806324
0.794466
0.632411
0.810277
0.608696
0.715415
0.739130
0.747036
0.790514
0.826087
0.794466
-------
-------
*******
