0.755435
0.773551
0.750000
0.726449
0.688406
0.697464
0.619565
0.748188
0.648551
0.679348
0.759058
0.768116
0.744565
0.697464
0.766304
0.679348
0.793478
0.717391
0.706522
0.715580
0.677536
0.751812
0.701087
0.748188
0.728261
0.771739
0.735507
0.775362
0.777174
0.726449
0.782609
0.778986
0.724638
0.684783
0.748188
0.757246
0.751812
0.728261
0.751812
0.713768
0.744565
0.621377
0.762681
0.760870
0.735507
0.755435
0.735507
0.766304
0.744565
0.711957
0.762681
0.664855
0.724638
0.695652
0.688406
0.739130
0.759058
0.746377
0.773551
0.773551
0.750000
0.775362
0.730072
0.679348
0.735507
0.690217
0.802536
0.762681
0.746377
0.500000
0.704710
0.726449
0.759058
0.750000
0.784420
0.802536
0.692029
0.753623
0.675725
0.762681
0.809783
0.672101
0.719203
0.673913
0.762681
0.757246
0.686594
0.666667
0.695652
0.690217
0.668478
0.788043
0.552536
0.679348
0.753623
0.701087
0.726449
0.668478
0.585145
0.681159
0.673913
0.711957
0.675725
0.681159
0.585145
0.686594
0.762681
0.710145
0.766304
0.750000
0.746377
0.710145
0.721014
0.739130
0.690217
0.731884
0.722826
0.807971
0.731884
0.664855
0.713768
0.717391
0.719203
0.737319
0.653986
0.771739
0.775362
0.695652
0.702899
0.771739
0.634058
0.762681
0.731884
0.788043
0.652174
0.755435
0.708333
0.755435
0.710145
0.773551
0.817029
0.751812
0.730072
0.753623
0.744565
0.672101
0.635870
0.688406
0.726449
0.807971
0.699275
0.701087
0.753623
0.797101
0.735507
0.670290
0.760870
0.721014
0.750000
0.599638
0.735507
0.659420
0.726449
0.773551
0.735507
0.721014
0.748188
0.655797
0.744565
0.692029
0.737319
0.737319
0.697464
0.784420
0.648551
0.777174
0.744565
0.771739
0.746377
0.730072
0.760870
0.708333
0.751812
0.731884
0.724638
0.737319
0.744565
0.713768
0.699275
0.793478
0.735507
0.692029
0.730072
0.731884
0.708333
0.717391
0.702899
0.735507
0.728261
0.742754
0.751812
0.766304
0.675725
0.722826
0.769928
0.708333
0.740942
0.750000
0.740942
0.760870
0.769928
0.630435
0.793478
0.740942
0.717391
0.719203
0.760870
0.748188
0.730072
0.693841
0.786232
0.724638
0.766304
0.742754
0.751812
0.742754
0.664855
0.760870
0.739130
0.737319
0.737319
0.677536
0.715580
0.773551
0.733696
0.721014
0.722826
0.762681
0.701087
0.702899
0.773551
0.692029
0.740942
0.777174
0.751812
0.713768
0.762681
0.775362
0.677536
0.748188
0.681159
0.766304
0.731884
0.697464
0.702899
0.775362
0.778986
0.719203
0.771739
0.753623
0.693841
0.728261
0.757246
0.740942
0.800725
0.777174
0.744565
0.664855
0.784420
0.713768
0.717391
0.594203
0.824275
0.722826
0.740942
0.740942
0.750000
0.724638
0.677536
0.755435
0.759058
0.706522
0.807971
0.697464
0.757246
0.771739
0.760870
0.644928
0.719203
0.780797
0.757246
0.739130
0.757246
0.755435
0.737319
0.744565
0.679348
0.722826
0.768116
0.722826
0.786232
0.695652
0.740942
0.748188
0.722826
0.730072
0.722826
0.757246
0.764493
0.659420
0.760870
0.780797
0.711957
0.657609
0.769928
0.777174
0.777174
0.744565
0.766304
0.706522
0.721014
0.717391
0.547101
0.751812
0.771739
0.653986
0.661232
0.721014
0.668478
0.750000
0.697464
0.748188
0.639493
0.778986
0.775362
0.717391
0.726449
0.673913
0.778986
0.746377
0.724638
0.722826
0.755435
0.699275
0.739130
0.719203
0.639493
0.750000
0.666667
0.644928
0.715580
0.762681
0.641304
0.777174
0.706522
0.786232
0.692029
0.773551
0.769928
0.755435
0.697464
0.690217
0.789855
0.764493
0.739130
0.697464
0.807971
0.742754
0.692029
0.742754
0.702899
0.768116
0.637681
0.771739
0.650362
0.721014
0.652174
0.737319
0.677536
0.782609
0.768116
0.759058
0.599638
0.706522
0.688406
0.692029
0.731884
0.711957
0.759058
0.769928
0.708333
0.641304
0.739130
0.777174
0.740942
0.655797
0.748188
0.777174
0.719203
0.757246
0.677536
0.692029
0.751812
0.771739
0.746377
0.751812
0.721014
0.757246
0.777174
0.773551
0.550725
0.778986
0.702899
0.697464
0.704710
0.731884
0.742754
0.789855
0.713768
0.728261
0.773551
0.744565
0.748188
0.688406
0.688406
0.686594
0.722826
0.782609
0.730072
0.751812
0.684783
0.724638
0.521739
0.768116
0.701087
0.750000
0.733696
0.735507
0.742754
0.753623
0.762681
0.746377
0.744565
0.755435
0.798913
0.719203
0.710145
0.755435
0.788043
0.731884
0.717391
0.775362
0.681159
0.773551
0.737319
0.711957
0.759058
0.715580
0.737319
0.722826
0.717391
0.675725
0.775362
0.722826
0.735507
0.711957
0.731884
0.764493
0.784420
0.791667
0.581522
0.775362
0.798913
0.762681
0.601449
0.769928
0.759058
0.673913
0.724638
0.773551
0.773551
0.740942
0.742754
0.722826
0.634058
0.762681
0.768116
0.739130
0.769928
0.704710
0.713768
0.742754
0.721014
0.778986
0.706522
0.721014
0.666667
0.751812
0.697464
0.679348
0.746377
0.708333
0.731884
0.739130
0.706522
0.775362
0.768116
0.737319
0.737319
0.798913
0.753623
0.773551
0.684783
0.726449
0.710145
0.702899
0.815217
0.699275
0.717391
0.692029
0.769928
0.701087
0.724638
0.782609
0.721014
0.760870
0.739130
0.722826
0.677536
0.798913
0.711957
0.731884
0.668478
0.750000
0.715580
0.663043
0.786232
0.735507
0.697464
0.735507
0.750000
0.717391
0.753623
0.757246
0.699275
0.719203
0.771739
0.746377
0.735507
0.744565
0.722826
0.721014
0.675725
0.755435
0.663043
0.836957
0.804348
0.704710
0.788043
0.744565
0.757246
0.750000
0.780797
0.737319
0.759058
0.672101
0.668478
0.677536
0.742754
0.782609
0.702899
0.757246
0.773551
0.657609
0.739130
0.606884
0.773551
0.739130
0.809783
0.728261
0.717391
0.688406
0.735507
0.702899
0.793478
0.666667
0.663043
0.737319
0.704710
0.760870
0.713768
0.684783
0.835145
0.708333
0.797101
0.740942
0.722826
0.668478
0.690217
0.750000
0.682971
0.769928
0.701087
0.768116
0.706522
0.744565
0.706522
0.721014
0.744565
0.753623
0.784420
0.728261
0.757246
0.701087
0.702899
0.730072
0.643116
0.755435
0.753623
0.586957
0.748188
0.751812
0.755435
0.744565
0.771739
0.775362
0.817029
0.684783
0.737319
0.677536
0.775362
0.682971
0.788043
0.762681
0.778986
0.726449
0.659420
0.798913
0.692029
0.762681
0.697464
0.789855
0.704710
0.697464
0.724638
0.710145
0.755435
0.717391
0.643116
0.686594
0.677536
0.695652
0.748188
0.728261
0.735507
0.798913
0.775362
0.724638
0.764493
0.681159
0.632246
0.730072
0.737319
0.733696
0.699275
0.751812
0.664855
0.706522
0.675725
0.684783
0.702899
0.746377
0.795290
0.746377
0.628623
0.679348
0.706522
0.708333
0.778986
0.702899
0.672101
0.757246
0.715580
0.744565
0.702899
0.612319
0.739130
0.646739
0.679348
0.755435
0.713768
0.746377
0.726449
0.713768
0.742754
0.760870
0.717391
0.706522
0.728261
0.733696
0.706522
0.706522
0.639493
0.789855
0.751812
0.739130
0.771739
0.655797
0.673913
0.744565
0.688406
0.682971
0.702899
0.706522
0.751812
0.739130
0.695652
0.769928
0.724638
0.666667
0.739130
0.697464
0.686594
0.742754
0.702899
0.786232
0.751812
0.784420
0.795290
0.771739
0.699275
0.637681
0.628623
0.695652
0.735507
0.701087
0.782609
0.769928
0.672101
0.775362
0.653986
0.721014
0.677536
0.715580
0.735507
0.583333
0.833333
0.673913
0.759058
0.748188
0.737319
0.623188
0.746377
0.769928
0.626812
0.791667
0.735507
0.724638
0.748188
0.686594
0.617754
0.702899
0.717391
0.757246
0.748188
0.661232
0.726449
0.742754
0.731884
0.730072
0.728261
0.786232
0.750000
0.728261
0.728261
0.764493
0.760870
0.757246
0.721014
0.717391
0.735507
0.750000
0.798913
0.753623
0.746377
0.684783
0.684783
0.748188
0.728261
0.717391
0.777174
0.782609
0.693841
0.721014
0.744565
0.856884
0.759058
0.757246
0.679348
0.744565
0.733696
0.740942
0.722826
0.704710
0.711957
0.735507
0.659420
0.653986
0.809783
0.721014
0.706522
0.739130
0.762681
0.760870
0.773551
0.784420
0.751812
0.735507
0.733696
0.735507
0.798913
0.739130
0.672101
0.701087
0.681159
0.759058
0.791667
0.699275
0.780797
0.672101
0.746377
0.793478
0.786232
0.777174
0.653986
0.708333
0.730072
0.699275
0.710145
0.751812
0.610507
0.690217
0.800725
0.760870
0.762681
0.721014
0.739130
0.731884
0.606884
0.722826
0.773551
0.759058
0.690217
0.773551
0.719203
0.711957
0.753623
0.768116
0.795290
0.721014
0.677536
0.760870
0.760870
0.769928
0.668478
0.717391
0.737319
0.699275
0.782609
0.735507
0.795290
0.592391
0.735507
0.788043
0.717391
0.818841
0.780797
0.711957
0.706522
0.800725
0.684783
0.726449
0.722826
0.735507
0.769928
0.697464
0.786232
0.742754
0.688406
0.572464
0.768116
0.721014
0.699275
0.739130
0.750000
0.759058
0.675725
0.693841
0.750000
0.739130
0.742754
0.766304
0.753623
0.751812
0.804348
0.766304
0.780797
0.788043
0.710145
0.701087
0.789855
0.708333
0.704710
0.641304
0.775362
0.715580
0.793478
0.740942
0.672101
0.775362
0.748188
0.755435
0.726449
0.760870
0.777174
0.780797
0.750000
0.764493
0.788043
0.755435
0.793478
0.648551
0.713768
0.798913
0.710145
0.670290
0.740942
0.797101
0.722826
0.827899
0.786232
0.777174
0.778986
0.661232
0.695652
0.730072
0.711957
0.730072
0.711957
0.702899
0.809783
0.697464
0.755435
0.777174
0.726449
0.791667
0.721014
0.759058
0.730072
0.797101
0.742754
0.730072
0.699275
0.748188
0.681159
0.753623
0.717391
0.715580
0.802536
0.777174
0.746377
0.740942
0.726449
0.784420
0.719203
0.690217
0.766304
0.751812
0.717391
0.715580
0.713768
0.804348
0.722826
0.659420
0.782609
0.784420
0.769928
0.708333
0.746377
0.769928
0.724638
0.762681
0.760870
0.764493
0.583333
0.780797
0.668478
0.760870
0.768116
0.719203
-------
-------
*******
