0.688889
0.400000
0.688889
0.666667
0.755556
0.422222
0.555556
0.622222
0.688889
0.533333
0.622222
0.666667
0.800000
0.666667
0.444444
0.511111
0.755556
0.666667
0.577778
0.711111
0.444444
0.666667
0.533333
0.688889
0.688889
0.733333
0.488889
0.466667
0.733333
0.666667
0.533333
0.533333
0.577778
0.488889
0.711111
0.688889
0.688889
0.688889
0.622222
0.622222
0.666667
0.511111
0.533333
0.511111
0.577778
0.311111
0.733333
0.622222
0.711111
0.711111
0.533333
0.688889
0.666667
0.711111
0.577778
0.711111
0.577778
0.666667
0.466667
0.622222
0.400000
0.511111
0.755556
0.533333
0.733333
0.577778
0.622222
0.644444
0.688889
0.422222
0.622222
0.400000
0.600000
0.688889
0.511111
0.488889
0.622222
0.822222
0.666667
0.577778
0.666667
0.577778
0.844444
0.644444
0.711111
0.622222
0.555556
0.622222
0.777778
0.844444
0.533333
0.622222
0.466667
0.666667
0.622222
0.466667
0.622222
0.688889
0.622222
0.622222
0.666667
0.688889
0.666667
0.822222
0.555556
0.711111
0.622222
0.666667
0.622222
0.533333
0.577778
0.733333
0.866667
0.711111
0.533333
0.577778
0.644444
0.622222
0.666667
0.688889
0.444444
0.511111
0.733333
0.555556
0.666667
0.666667
0.755556
0.688889
0.688889
0.666667
0.555556
0.511111
0.400000
0.600000
0.577778
0.755556
0.933333
0.622222
0.800000
0.688889
0.755556
0.911111
0.422222
0.688889
0.555556
0.688889
0.511111
0.488889
0.644444
0.733333
0.688889
0.711111
0.777778
0.577778
0.644444
0.444444
0.622222
0.533333
0.644444
0.511111
0.800000
0.822222
0.800000
0.688889
0.377778
0.622222
0.688889
0.666667
0.666667
0.555556
0.600000
0.555556
0.666667
0.600000
0.733333
0.644444
0.666667
0.666667
0.733333
0.400000
0.555556
0.755556
0.822222
0.577778
0.688889
0.777778
0.666667
0.466667
0.488889
0.511111
0.733333
0.733333
0.688889
0.644444
0.400000
0.577778
0.733333
0.644444
0.666667
0.355556
0.688889
0.755556
0.688889
0.733333
0.644444
0.511111
0.555556
0.688889
0.400000
0.533333
0.577778
0.733333
0.488889
0.688889
0.644444
0.444444
0.488889
0.600000
0.777778
0.711111
0.733333
0.600000
0.844444
0.688889
0.822222
0.422222
0.444444
0.600000
0.755556
0.577778
0.400000
0.622222
0.733333
0.577778
0.577778
0.444444
0.733333
0.733333
0.577778
0.577778
0.422222
0.755556
0.688889
0.644444
0.711111
0.733333
0.511111
0.711111
0.622222
0.622222
0.666667
0.577778
0.622222
0.600000
0.488889
0.688889
0.644444
0.444444
0.666667
0.644444
0.533333
0.600000
0.355556
0.866667
0.644444
0.622222
0.577778
0.377778
0.644444
0.822222
0.533333
0.355556
0.755556
0.866667
0.866667
0.688889
0.622222
0.600000
0.644444
0.511111
0.533333
0.600000
0.666667
0.600000
0.733333
0.666667
0.644444
0.666667
0.844444
0.511111
0.777778
0.666667
0.755556
0.688889
0.733333
0.577778
0.355556
0.755556
0.644444
0.777778
0.800000
0.533333
0.644444
0.644444
0.311111
0.622222
0.600000
0.600000
0.400000
0.666667
0.711111
0.733333
0.688889
0.777778
0.666667
0.444444
0.600000
0.511111
0.666667
0.511111
0.533333
0.622222
0.844444
0.400000
0.355556
0.577778
0.222222
0.755556
0.622222
0.644444
0.666667
0.733333
0.577778
0.577778
0.688889
0.555556
0.688889
0.688889
0.688889
0.711111
0.666667
0.688889
0.688889
0.844444
0.555556
0.688889
0.622222
0.400000
0.600000
0.733333
0.755556
0.688889
0.688889
0.666667
0.511111
0.600000
0.622222
0.644444
0.400000
0.688889
0.555556
0.644444
0.600000
0.666667
0.755556
0.666667
0.777778
0.577778
0.511111
0.422222
0.533333
0.844444
0.666667
0.733333
0.755556
0.866667
0.511111
0.666667
0.666667
0.644444
0.644444
0.511111
0.888889
0.444444
0.577778
0.600000
0.511111
0.666667
0.555556
0.622222
0.733333
0.666667
0.666667
0.688889
0.688889
0.688889
0.666667
0.600000
0.488889
0.644444
0.422222
0.644444
0.600000
0.677778
0.755556
0.644444
0.555556
0.777778
0.688889
0.333333
0.644444
0.733333
0.755556
0.622222
0.555556
0.711111
0.533333
0.688889
0.755556
0.555556
0.711111
0.666667
0.600000
0.555556
0.666667
0.755556
0.777778
0.622222
0.666667
0.600000
0.866667
0.622222
0.655556
0.688889
0.355556
0.466667
0.533333
0.577778
0.733333
0.733333
0.644444
0.600000
0.622222
0.711111
0.400000
0.777778
0.622222
0.644444
0.688889
0.755556
0.888889
0.488889
0.600000
0.688889
0.577778
0.644444
0.488889
0.711111
0.488889
0.666667
0.644444
0.400000
0.288889
0.533333
0.622222
0.577778
0.733333
0.755556
0.533333
0.822222
0.533333
0.466667
0.733333
0.733333
0.533333
0.577778
0.666667
0.733333
0.711111
0.777778
0.888889
0.711111
0.777778
0.644444
0.688889
0.755556
0.711111
0.600000
0.555556
0.644444
0.711111
0.711111
0.600000
0.733333
0.622222
0.577778
0.577778
0.466667
0.288889
0.755556
0.422222
0.444444
0.555556
0.755556
0.577778
0.577778
0.400000
0.711111
0.644444
0.488889
0.577778
0.600000
0.711111
0.533333
0.533333
0.733333
0.733333
0.600000
0.577778
0.577778
0.733333
0.333333
0.333333
0.600000
0.622222
0.600000
0.666667
0.711111
0.555556
0.555556
0.577778
0.488889
0.288889
0.733333
0.622222
0.666667
0.333333
0.577778
0.488889
0.688889
0.577778
0.177778
0.800000
0.644444
0.822222
0.733333
0.666667
0.422222
0.800000
0.733333
0.866667
0.266667
0.622222
0.488889
0.644444
0.600000
0.444444
0.688889
0.600000
0.622222
0.466667
0.733333
0.755556
0.711111
0.777778
0.533333
0.622222
0.600000
0.688889
0.400000
0.555556
0.555556
0.555556
0.577778
0.755556
0.688889
0.688889
0.600000
0.644444
0.644444
0.555556
0.555556
0.555556
0.511111
0.733333
0.511111
0.266667
0.777778
0.777778
0.755556
0.777778
0.755556
0.722222
0.466667
0.711111
0.622222
0.688889
0.622222
0.800000
0.488889
0.733333
0.488889
0.688889
0.422222
0.622222
0.755556
0.644444
0.666667
0.666667
0.688889
0.733333
0.688889
0.711111
0.577778
0.466667
0.755556
0.666667
0.666667
0.733333
0.600000
0.644444
0.711111
0.644444
0.533333
0.755556
0.644444
0.622222
0.800000
0.688889
0.711111
0.622222
0.688889
0.577778
0.577778
0.622222
0.622222
0.377778
0.711111
0.777778
0.600000
0.466667
0.622222
0.422222
0.444444
0.644444
0.733333
0.555556
0.755556
0.644444
0.577778
0.533333
0.644444
0.444444
0.711111
0.644444
0.722222
0.755556
0.333333
0.400000
0.488889
0.622222
0.644444
0.688889
0.555556
0.422222
0.711111
0.777778
0.622222
0.600000
0.577778
0.488889
0.488889
0.666667
0.688889
0.800000
0.755556
0.711111
0.711111
0.755556
0.577778
0.555556
0.666667
0.555556
0.844444
0.622222
0.666667
0.555556
0.600000
0.644444
0.622222
0.555556
0.711111
0.688889
0.622222
0.711111
0.555556
0.711111
0.666667
0.600000
0.666667
0.488889
0.511111
0.488889
0.533333
0.688889
0.577778
0.600000
0.666667
0.511111
0.800000
0.666667
0.577778
0.600000
0.622222
0.711111
0.688889
0.733333
0.511111
0.777778
0.555556
0.666667
0.488889
0.511111
0.488889
0.555556
0.577778
0.555556
0.466667
0.555556
0.644444
0.600000
0.644444
0.866667
0.644444
0.666667
0.666667
0.577778
0.266667
0.755556
0.666667
0.644444
0.800000
0.577778
0.600000
0.644444
0.577778
0.822222
0.733333
0.600000
0.644444
0.688889
0.822222
0.622222
0.622222
0.666667
0.555556
0.600000
0.488889
0.688889
0.800000
0.622222
0.511111
0.688889
0.733333
0.377778
0.600000
0.555556
0.822222
0.733333
0.466667
0.600000
0.511111
0.488889
0.755556
0.600000
0.555556
0.688889
0.777778
0.666667
0.688889
0.733333
0.666667
0.644444
0.555556
0.688889
0.688889
0.466667
0.733333
0.666667
0.666667
0.488889
0.333333
0.644444
0.444444
0.644444
0.622222
0.755556
0.577778
0.666667
0.711111
0.733333
0.844444
0.600000
0.911111
0.688889
0.622222
0.666667
0.711111
0.622222
0.488889
0.688889
0.622222
0.444444
0.555556
0.644444
0.577778
0.755556
0.688889
0.644444
0.422222
0.688889
0.622222
0.355556
0.422222
0.600000
0.711111
0.711111
0.488889
0.533333
0.800000
0.577778
0.822222
0.422222
0.555556
0.777778
0.711111
0.844444
0.800000
0.644444
0.555556
0.533333
0.711111
0.688889
0.622222
0.688889
0.466667
0.622222
0.733333
0.555556
0.577778
0.688889
0.888889
0.377778
0.511111
0.666667
0.666667
0.688889
0.622222
0.666667
0.666667
0.511111
0.600000
0.466667
0.577778
0.644444
0.555556
0.377778
0.511111
0.622222
0.677778
0.488889
0.600000
0.600000
0.533333
0.755556
0.466667
0.577778
0.555556
0.533333
0.355556
0.644444
0.377778
0.511111
0.600000
0.600000
0.688889
0.711111
0.644444
0.577778
0.533333
0.711111
0.644444
0.666667
0.377778
0.622222
0.622222
0.711111
0.422222
0.400000
0.666667
0.555556
0.711111
0.666667
0.688889
0.533333
0.644444
0.622222
0.555556
0.711111
0.755556
0.777778
0.733333
0.600000
0.577778
0.622222
0.577778
0.733333
0.777778
0.511111
0.666667
0.666667
0.644444
0.644444
0.577778
0.244444
0.733333
0.600000
0.711111
0.688889
0.644444
0.488889
0.644444
0.644444
0.711111
0.511111
0.644444
0.688889
0.577778
0.644444
0.577778
0.733333
0.400000
0.622222
0.422222
0.666667
0.755556
0.533333
0.644444
0.733333
0.666667
0.688889
0.644444
0.622222
0.666667
0.800000
0.444444
0.555556
0.733333
0.377778
0.511111
0.733333
0.711111
0.555556
0.822222
0.422222
0.777778
0.511111
0.488889
0.844444
0.600000
0.600000
0.577778
0.711111
0.355556
0.733333
0.844444
0.622222
0.688889
0.800000
0.555556
0.711111
0.777778
0.511111
0.711111
0.511111
0.688889
0.533333
0.644444
0.688889
0.600000
0.555556
0.666667
0.711111
0.755556
0.488889
0.533333
0.733333
0.711111
0.622222
0.822222
-------
-------
*******
