0.748768
0.762315
0.804187
0.726601
0.796798
0.782020
0.709360
0.750000
0.727833
0.750000
0.811576
0.766010
0.736453
0.804187
0.788177
0.799261
0.770936
0.788177
0.783251
0.805419
0.798030
0.802956
0.796798
0.791872
0.706897
0.830049
0.725369
0.795567
0.756158
0.814039
0.786946
0.730296
0.806650
0.769704
0.805419
0.742611
0.754926
0.752463
0.719212
0.782020
0.766010
0.750000
0.745074
0.722906
0.754926
0.823892
0.801724
0.709360
0.814039
0.773399
0.732759
0.767241
0.820197
0.785714
0.733990
0.724138
0.756158
0.743842
0.795567
0.768473
0.713054
0.789409
0.815271
0.757389
0.778325
0.799261
0.788177
0.795567
0.757389
0.746305
0.774631
0.778325
0.754926
0.790640
0.762315
0.811576
0.738916
0.779557
0.773399
0.778325
0.727833
0.796798
0.725369
0.684729
0.782020
0.828818
0.769704
0.738916
0.809113
0.716749
0.791872
0.769704
0.756158
0.726601
0.737685
0.772167
0.785714
0.800493
0.770936
0.764778
0.778325
0.785714
0.806650
0.737685
0.745074
0.750000
0.773399
0.751232
0.791872
0.752463
0.818966
0.775862
0.753695
0.782020
0.748768
0.746305
0.818966
0.766010
0.731527
0.796798
0.784483
0.714286
0.767241
0.733990
0.841133
0.770936
0.800493
0.818966
0.692118
0.748768
0.743842
0.745074
0.770936
0.766010
0.725369
0.730296
0.705665
0.775862
0.741379
0.790640
0.770936
0.780788
0.743842
0.730296
0.801724
0.697044
0.806650
0.748768
0.788177
0.758621
0.790640
0.750000
0.752463
0.733990
0.782020
0.810345
0.795567
0.796798
0.779557
0.828818
0.738916
0.790640
0.804187
0.772167
0.709360
0.815271
0.754926
0.778325
0.768473
0.763547
0.754926
0.782020
0.817734
0.836207
0.826355
0.789409
0.801724
0.785714
0.714286
0.775862
0.754926
0.716749
0.793103
0.730296
0.706897
0.768473
0.764778
0.814039
0.726601
0.827586
0.782020
0.756158
0.801724
0.814039
0.795567
0.764778
0.766010
0.807882
0.814039
0.791872
0.804187
0.737685
0.802956
0.790640
0.772167
0.786946
0.775862
0.790640
0.778325
0.796798
0.791872
0.817734
0.790640
0.766010
0.758621
0.770936
0.713054
0.795567
0.823892
0.747537
0.701970
0.756158
0.782020
0.738916
0.747537
0.730296
0.695813
0.789409
0.791872
0.778325
0.848522
0.708128
0.745074
0.830049
0.794335
0.822660
0.822660
0.779557
0.735222
0.796798
0.738916
0.717980
0.768473
0.790640
0.784483
0.751232
0.814039
0.754926
0.737685
0.779557
0.752463
0.772167
0.748768
0.766010
0.778325
0.774631
0.826355
0.763547
0.790640
0.774631
0.790640
0.783251
0.796798
0.810345
0.791872
0.733990
0.699507
0.687192
0.839901
0.752463
0.775862
0.790640
0.810345
0.846059
0.826355
0.751232
0.753695
0.766010
0.743842
0.713054
0.799261
0.759852
0.783251
0.782020
0.714286
0.732759
0.753695
0.811576
0.826355
0.730296
0.752463
0.732759
0.757389
0.757389
0.767241
0.799261
0.753695
0.811576
0.793103
0.786946
0.805419
0.746305
0.802956
0.688424
0.768473
0.818966
0.770936
0.748768
0.779557
0.769704
0.817734
0.810345
0.753695
0.719212
0.820197
0.751232
0.770936
0.796798
0.811576
0.710591
0.759852
0.681034
0.722906
0.761084
0.789409
0.789409
0.788177
0.752463
0.727833
0.773399
0.717980
0.768473
0.793103
0.806650
0.740148
0.732759
0.791872
0.773399
0.748768
0.725369
0.811576
0.750000
0.782020
0.687192
0.799261
0.796798
0.769704
0.815271
0.825123
0.774631
0.687192
0.775862
0.812808
0.780788
0.796798
0.800493
0.701970
0.767241
0.798030
0.778325
0.742611
0.793103
0.678571
0.806650
0.784483
0.798030
0.844828
0.762315
0.809113
0.779557
0.795567
0.784483
0.780788
0.754926
0.821429
0.788177
0.729064
0.764778
0.773399
0.772167
0.747537
0.738916
0.701970
0.736453
0.775862
0.738916
0.725369
0.735222
0.833744
0.825123
0.809113
0.753695
0.740148
0.786946
0.772167
0.814039
0.772167
0.767241
0.794335
0.724138
0.768473
0.774631
0.711823
0.758621
0.754926
0.791872
0.751232
0.763547
0.810345
0.769704
0.741379
0.732759
0.742611
0.736453
0.763547
0.814039
0.772167
0.738916
0.767241
0.710591
0.758621
0.806650
0.780788
0.730296
0.833744
0.741379
0.809113
0.791872
0.799261
0.793103
0.769704
0.820197
0.753695
0.783251
0.774631
0.761084
0.799261
0.789409
0.778325
0.747537
0.766010
0.764778
0.777094
0.799261
0.763547
0.778325
0.794335
0.706897
0.751232
0.732759
0.741379
0.790640
0.812808
0.747537
0.758621
0.769704
0.770936
0.717980
0.777094
0.793103
0.793103
0.681034
0.772167
0.757389
0.795567
0.774631
0.735222
0.795567
0.730296
0.754926
0.735222
0.764778
0.804187
0.748768
0.743842
0.725369
0.780788
0.740148
0.785714
0.811576
0.831281
0.779557
0.768473
0.817734
0.745074
0.766010
0.783251
0.764778
0.818966
0.752463
0.802956
0.762315
0.730296
0.770936
0.748768
0.735222
0.769704
0.740148
0.778325
0.751232
0.784483
0.791872
0.741379
0.796798
0.799261
0.759852
0.811576
0.818966
0.725369
0.799261
0.769704
0.812808
0.820197
0.807882
0.750000
0.817734
0.733990
0.773399
0.732759
0.828818
0.756158
0.756158
0.796798
0.805419
0.823892
0.769704
0.809113
0.743842
0.726601
0.791872
0.773399
0.757389
0.706897
0.812808
0.780788
0.800493
0.743842
0.727833
0.793103
0.811576
0.780788
0.769704
0.720443
0.801724
0.793103
0.711823
0.804187
0.815271
0.741379
0.827586
0.746305
0.709360
0.775862
0.644089
0.793103
0.831281
0.773399
0.836207
0.766010
0.770936
0.701970
0.785714
0.782020
0.785714
0.800493
0.788177
0.809113
0.795567
0.799261
0.733990
0.745074
0.810345
0.798030
0.807882
0.761084
0.790640
0.737685
0.810345
0.759852
0.785714
0.793103
0.758621
0.756158
0.780788
0.731527
0.817734
0.793103
0.766010
0.834975
0.748768
0.814039
0.790640
0.773399
0.758621
0.794335
0.814039
0.807882
0.729064
0.796798
0.764778
0.785714
0.822660
0.811576
0.793103
0.752463
0.778325
0.811576
0.777094
0.752463
0.818966
0.791872
0.804187
0.804187
0.799261
0.812808
0.799261
0.838670
0.747537
0.778325
0.748768
0.717980
0.766010
0.789409
0.735222
0.770936
0.761084
0.743842
0.727833
0.794335
0.770936
0.799261
0.789409
0.738916
0.727833
0.783251
0.767241
0.774631
0.708128
0.834975
0.753695
0.802956
0.779557
0.764778
0.814039
0.795567
0.783251
0.806650
0.750000
0.774631
0.789409
0.802956
0.799261
0.762315
0.736453
0.745074
0.818966
0.782020
0.740148
0.820197
0.766010
0.785714
0.775862
0.828818
0.843596
0.789409
0.817734
0.805419
0.782020
0.768473
0.780788
0.821429
0.689655
0.753695
0.727833
0.791872
0.785714
0.732759
0.790640
0.729064
0.774631
0.773399
0.766010
0.773399
0.777094
0.732759
0.828818
0.729064
0.816502
0.759852
0.834975
0.822660
0.817734
0.790640
0.710591
0.790640
0.757389
0.804187
0.791872
0.701970
0.834975
0.763547
0.820197
0.785714
0.782020
0.799261
0.801724
0.756158
0.802956
0.777094
0.793103
0.708128
0.804187
0.752463
0.733990
0.759852
0.698276
0.811576
0.806650
0.736453
0.790640
0.743842
0.770936
0.768473
0.843596
0.789409
0.836207
0.773399
0.811576
0.786946
0.767241
0.793103
0.790640
0.782020
0.783251
0.778325
0.762315
0.811576
0.778325
0.779557
0.764778
0.736453
0.758621
0.800493
0.736453
0.809113
0.811576
0.832512
0.809113
0.810345
0.816502
0.708128
0.729064
0.783251
0.780788
0.769704
0.790640
0.773399
0.804187
0.825123
0.773399
0.796798
0.799261
0.790640
0.748768
0.754926
0.763547
0.825123
0.775862
0.750000
0.770936
0.780788
0.799261
0.720443
0.763547
0.780788
0.740148
0.743842
0.715517
0.801724
0.809113
0.779557
0.789409
0.747537
0.701970
0.756158
0.741379
0.717980
0.817734
0.790640
0.740148
0.774631
0.746305
0.805419
0.773399
0.793103
0.782020
0.751232
0.795567
0.769704
0.783251
0.786946
0.790640
0.777094
0.785714
0.721675
0.811576
0.798030
0.798030
0.789409
0.730296
0.711823
0.763547
0.798030
0.757389
0.754926
0.804187
0.764778
0.796798
0.795567
0.802956
0.758621
0.745074
0.789409
0.786946
0.720443
0.799261
0.732759
0.818966
0.773399
0.779557
0.812808
0.758621
0.795567
0.757389
0.780788
0.795567
0.804187
0.801724
0.673645
0.820197
0.769704
0.794335
0.770936
0.786946
0.806650
0.751232
0.738916
0.783251
0.809113
0.729064
0.795567
0.799261
0.809113
0.805419
0.769704
0.816502
0.729064
0.741379
0.736453
0.762315
0.775862
0.732759
0.778325
0.772167
0.800493
0.774631
0.684729
0.731527
0.800493
0.738916
0.753695
0.774631
0.830049
0.784483
0.815271
0.793103
0.768473
0.785714
0.806650
0.745074
0.798030
0.772167
0.775862
0.810345
0.799261
0.753695
0.801724
0.754926
0.768473
0.758621
0.784483
0.769704
0.796798
0.834975
0.770936
0.743842
0.769704
0.795567
0.784483
0.811576
0.738916
0.640394
0.807882
0.782020
0.786946
0.717980
0.798030
0.793103
0.767241
0.777094
0.756158
0.814039
0.852217
0.850985
0.799261
0.774631
0.770936
0.785714
0.741379
0.726601
0.752463
0.795567
0.812808
0.750000
0.786946
0.812808
0.694581
0.801724
0.790640
0.806650
0.772167
0.812808
0.799261
0.801724
0.775862
0.796798
0.801724
0.751232
0.733990
0.788177
0.810345
0.796798
0.721675
0.761084
0.800493
0.796798
0.735222
0.790640
0.746305
0.738916
0.769704
0.740148
0.816502
0.791872
0.801724
0.766010
0.806650
0.779557
0.758621
0.822660
0.730296
0.807882
0.716749
0.794335
0.789409
0.789409
0.759852
0.852217
0.763547
0.743842
0.759852
0.757389
0.767241
0.769704
0.822660
0.783251
0.762315
0.798030
0.742611
0.770936
0.783251
0.794335
0.768473
0.799261
0.741379
0.807882
0.793103
0.799261
0.753695
0.810345
0.772167
0.795567
0.763547
0.788177
0.823892
0.764778
0.704433
0.762315
0.745074
0.748768
-------
-------
*******
