0.545455
0.696970
0.696970
0.560606
0.515152
0.651515
0.530303
0.560606
0.530303
0.590909
0.424242
0.469697
0.727273
0.621212
0.515152
0.530303
0.500000
0.696970
0.424242
0.469697
0.666667
0.469697
0.333333
0.712121
0.409091
0.712121
0.530303
0.560606
0.560606
0.515152
0.575758
0.666667
0.545455
0.742424
0.636364
0.530303
0.621212
0.651515
0.590909
0.712121
0.772727
0.530303
0.363636
0.666667
0.636364
0.696970
0.545455
0.469697
0.515152
0.545455
0.666667
0.303030
0.515152
0.530303
0.606061
0.681818
0.515152
0.681818
0.575758
0.393939
0.590909
0.772727
0.651515
0.560606
0.636364
0.530303
0.727273
0.757576
0.530303
0.515152
0.636364
0.545455
0.651515
0.636364
0.575758
0.666667
0.560606
0.454545
0.666667
0.636364
0.636364
0.590909
0.621212
0.621212
0.772727
0.515152
0.621212
0.454545
0.469697
0.636364
0.545455
0.666667
0.545455
0.500000
0.454545
0.651515
0.621212
0.318182
0.469697
0.651515
0.469697
0.515152
0.606061
0.590909
0.590909
0.681818
0.575758
0.575758
0.500000
0.484848
0.606061
0.606061
0.439394
0.606061
0.696970
0.712121
0.666667
0.621212
0.515152
0.515152
0.378788
0.772727
0.636364
0.651515
0.484848
0.666667
0.712121
0.545455
0.575758
0.772727
0.575758
0.606061
0.621212
0.515152
0.590909
0.515152
0.606061
0.666667
0.560606
0.500000
0.606061
0.560606
0.469697
0.575758
0.606061
0.606061
0.439394
0.606061
0.636364
0.575758
0.590909
0.621212
0.545455
0.515152
0.727273
0.590909
0.545455
0.742424
0.757576
0.560606
0.681818
0.636364
0.621212
0.575758
0.545455
0.606061
0.696970
0.727273
0.469697
0.439394
0.606061
0.560606
0.424242
0.515152
0.590909
0.500000
0.712121
0.530303
0.666667
0.303030
0.515152
0.575758
0.469697
0.363636
0.712121
0.484848
0.484848
0.787879
0.545455
0.681818
0.530303
0.590909
0.651515
0.666667
0.590909
0.439394
0.636364
0.606061
0.651515
0.530303
0.681818
0.560606
0.590909
0.545455
0.424242
0.666667
0.666667
0.590909
0.636364
0.560606
0.681818
0.696970
0.545455
0.500000
0.712121
0.621212
0.651515
0.484848
0.545455
0.545455
0.439394
0.545455
0.636364
0.636364
0.651515
0.590909
0.590909
0.515152
0.363636
0.500000
0.636364
0.378788
0.696970
0.712121
0.606061
0.621212
0.621212
0.696970
0.681818
0.606061
0.560606
0.590909
0.636364
0.742424
0.530303
0.727273
0.696970
0.560606
0.666667
0.606061
0.409091
0.484848
0.651515
0.681818
0.530303
0.651515
0.696970
0.666667
0.545455
0.560606
0.727273
0.666667
0.681818
0.454545
0.681818
0.681818
0.606061
0.590909
0.439394
0.651515
0.272727
0.590909
0.545455
0.545455
0.545455
0.500000
0.500000
0.621212
0.651515
0.469697
0.606061
0.636364
0.651515
0.636364
0.469697
0.606061
0.681818
0.454545
0.636364
0.606061
0.590909
0.590909
0.666667
0.651515
0.681818
0.666667
0.666667
0.606061
0.712121
0.696970
0.636364
0.651515
0.515152
0.500000
0.409091
0.696970
0.500000
0.469697
0.636364
0.454545
0.560606
0.530303
0.681818
0.621212
0.575758
0.621212
0.833333
0.530303
0.742424
0.500000
0.454545
0.500000
0.378788
0.606061
0.651515
0.787879
0.545455
0.651515
0.681818
0.848485
0.530303
0.484848
0.590909
0.787879
0.772727
0.560606
0.606061
0.681818
0.727273
0.621212
0.651515
0.575758
0.363636
0.439394
0.530303
0.621212
0.378788
0.712121
0.545455
0.515152
0.484848
0.772727
0.651515
0.636364
0.606061
0.606061
0.696970
0.575758
0.712121
0.560606
0.666667
0.424242
0.484848
0.712121
0.575758
0.575758
0.469697
0.424242
0.621212
0.621212
0.590909
0.651515
0.409091
0.560606
0.530303
0.742424
0.590909
0.621212
0.606061
0.772727
0.666667
0.424242
0.469697
0.712121
0.666667
0.681818
0.560606
0.590909
0.500000
0.651515
0.681818
0.484848
0.500000
0.636364
0.590909
0.333333
0.606061
0.590909
0.560606
0.590909
0.378788
0.681818
0.439394
0.757576
0.712121
0.575758
0.530303
0.560606
0.545455
0.515152
0.560606
0.500000
0.606061
0.530303
0.727273
0.590909
0.636364
0.500000
0.515152
0.530303
0.500000
0.545455
0.590909
0.500000
0.469697
0.136364
0.606061
0.484848
0.424242
0.606061
0.530303
0.530303
0.666667
0.575758
0.712121
0.696970
0.560606
0.742424
0.515152
0.500000
0.651515
0.636364
0.590909
0.469697
0.484848
0.621212
0.636364
0.545455
0.696970
0.712121
0.727273
0.590909
0.560606
0.545455
0.666667
0.530303
0.515152
0.560606
0.621212
0.530303
0.575758
0.742424
0.515152
0.530303
0.545455
0.606061
0.651515
0.590909
0.651515
0.530303
0.666667
0.681818
0.712121
0.575758
0.500000
0.606061
0.545455
0.681818
0.651515
0.530303
0.575758
0.590909
0.606061
0.696970
0.787879
0.530303
0.772727
0.606061
0.651515
0.727273
0.424242
0.803030
0.454545
0.606061
0.560606
0.727273
0.500000
0.454545
0.500000
0.606061
0.454545
0.545455
0.621212
0.530303
0.606061
0.666667
0.606061
0.590909
0.530303
0.606061
0.545455
0.575758
0.484848
0.500000
0.575758
0.590909
0.575758
0.636364
0.651515
0.454545
0.651515
0.500000
0.545455
0.545455
0.515152
0.545455
0.636364
0.575758
0.530303
0.515152
0.621212
0.545455
0.621212
0.606061
0.666667
0.454545
0.530303
0.727273
0.469697
0.515152
0.530303
0.636364
0.606061
0.757576
0.757576
0.651515
0.515152
0.560606
0.530303
0.515152
0.606061
0.575758
0.696970
0.651515
0.696970
0.515152
0.545455
0.651515
0.606061
0.424242
0.666667
0.681818
0.500000
0.545455
0.651515
0.530303
0.681818
0.651515
0.378788
0.515152
0.515152
0.363636
0.696970
0.545455
0.606061
0.666667
0.621212
0.530303
0.469697
0.560606
0.606061
0.575758
0.636364
0.651515
0.696970
0.590909
0.454545
0.636364
0.500000
0.530303
0.530303
0.515152
0.560606
0.575758
0.621212
0.666667
0.742424
0.651515
0.484848
0.484848
0.575758
0.681818
0.712121
0.621212
0.621212
0.681818
0.651515
0.606061
0.393939
0.651515
0.651515
0.469697
0.560606
0.575758
0.575758
0.621212
0.424242
0.378788
0.469697
0.515152
0.621212
0.590909
0.530303
0.636364
0.469697
0.545455
0.712121
0.484848
0.636364
0.439394
0.560606
0.560606
0.363636
0.575758
0.803030
0.681818
0.484848
0.575758
0.681818
0.590909
0.651515
0.575758
0.666667
0.681818
0.636364
0.651515
0.590909
0.651515
0.621212
0.636364
0.500000
0.484848
0.742424
0.515152
0.590909
0.590909
0.469697
0.621212
0.590909
0.727273
0.651515
0.651515
0.530303
0.636364
0.666667
0.621212
0.454545
0.651515
0.621212
0.621212
0.636364
0.621212
0.545455
0.575758
0.530303
0.666667
0.409091
0.666667
0.666667
0.727273
0.757576
0.590909
0.484848
0.621212
0.696970
0.787879
0.530303
0.742424
0.681818
0.469697
0.606061
0.621212
0.621212
0.484848
0.651515
0.651515
0.621212
0.575758
0.757576
0.621212
0.575758
0.666667
0.606061
0.590909
0.636364
0.560606
0.530303
0.393939
0.636364
0.606061
0.636364
0.500000
0.666667
0.530303
0.545455
0.500000
0.727273
0.575758
0.560606
0.545455
0.606061
0.621212
0.409091
0.712121
0.606061
0.803030
0.530303
0.606061
0.606061
0.590909
0.500000
0.696970
0.666667
0.727273
0.621212
0.545455
0.606061
0.712121
0.636364
0.545455
0.348485
0.590909
0.575758
0.530303
0.530303
0.424242
0.621212
0.500000
0.651515
0.636364
0.772727
0.424242
0.696970
0.530303
0.651515
0.712121
0.545455
0.636364
0.803030
0.590909
0.666667
0.666667
0.803030
0.712121
0.681818
0.454545
0.545455
0.681818
0.363636
0.636364
0.772727
0.575758
0.545455
0.545455
0.606061
0.545455
0.515152
0.651515
0.681818
0.530303
0.590909
0.636364
0.651515
0.575758
0.500000
0.590909
0.757576
0.696970
0.666667
0.530303
0.636364
0.651515
0.636364
0.484848
0.636364
0.696970
0.590909
0.469697
0.651515
0.666667
0.454545
0.590909
0.590909
0.681818
0.515152
0.636364
0.606061
0.560606
0.636364
0.696970
0.484848
0.757576
0.530303
0.712121
0.621212
0.560606
0.651515
0.621212
0.545455
0.257576
0.530303
0.469697
0.727273
0.515152
0.575758
0.590909
0.454545
0.742424
0.363636
0.621212
0.666667
0.666667
0.484848
0.530303
0.575758
0.666667
0.590909
0.666667
0.378788
0.636364
0.621212
0.712121
0.757576
0.575758
0.696970
0.560606
0.196970
0.712121
0.606061
0.606061
0.469697
0.621212
0.772727
0.651515
0.621212
0.666667
0.651515
0.454545
0.575758
0.636364
0.545455
0.484848
0.712121
0.636364
0.439394
0.439394
0.651515
0.651515
0.515152
0.575758
0.545455
0.818182
0.484848
0.803030
0.696970
0.424242
0.590909
0.469697
0.727273
0.651515
0.712121
0.666667
0.681818
0.666667
0.681818
0.560606
0.484848
0.712121
0.606061
0.500000
0.651515
0.636364
0.378788
0.454545
0.469697
0.651515
0.651515
0.636364
0.651515
0.712121
0.560606
0.484848
0.666667
0.666667
0.651515
0.651515
0.727273
0.651515
0.530303
0.484848
0.560606
0.651515
0.484848
0.424242
0.500000
0.666667
0.666667
0.681818
0.560606
0.651515
0.621212
0.606061
0.666667
0.575758
0.454545
0.696970
0.500000
0.454545
0.545455
0.590909
0.530303
0.424242
0.424242
0.500000
0.348485
0.515152
0.606061
0.469697
0.757576
0.469697
0.500000
0.454545
0.727273
0.454545
0.651515
0.651515
0.606061
0.530303
0.636364
0.545455
0.439394
0.515152
0.636364
0.742424
0.530303
0.666667
0.803030
0.606061
0.848485
0.621212
0.621212
0.636364
0.636364
0.681818
0.590909
0.560606
0.515152
0.530303
0.681818
0.530303
0.590909
0.545455
0.621212
0.590909
0.424242
0.712121
0.621212
0.606061
0.393939
0.666667
0.530303
0.530303
0.606061
0.590909
0.484848
0.575758
0.318182
0.696970
0.621212
0.651515
0.439394
0.575758
0.621212
0.606061
0.560606
0.636364
0.696970
0.575758
0.515152
0.575758
-------
-------
*******
