0.731707
0.712805
0.717683
0.703659
0.688415
0.741463
0.680488
0.708537
0.690244
0.701829
0.770732
0.703049
0.769512
0.692683
0.653049
0.715244
0.651829
0.694512
0.776829
0.693902
0.674390
0.690244
0.729268
0.748171
0.640854
0.751829
0.729268
0.698780
0.754878
0.740244
0.693293
0.800000
0.675000
0.648780
0.765854
0.723171
0.760366
0.735366
0.766463
0.648171
0.738415
0.695122
0.721951
0.757927
0.708537
0.679268
0.726220
0.770732
0.761585
0.779268
0.695732
0.806098
0.717683
0.756098
0.707317
0.780488
0.675610
0.753659
0.680488
0.772561
0.712805
0.789634
0.752439
0.693902
0.744512
0.767683
0.709756
0.714634
0.742073
0.671951
0.692683
0.703659
0.754878
0.707927
0.738415
0.691463
0.701220
0.711585
0.705488
0.676220
0.753049
0.743902
0.713415
0.754878
0.703659
0.719512
0.742073
0.728049
0.690854
0.695122
0.709756
0.736585
0.712805
0.651220
0.670732
0.728659
0.635976
0.705488
0.718293
0.730488
0.737805
0.753049
0.728659
0.750610
0.734756
0.729878
0.730488
0.725610
0.773171
0.720122
0.740244
0.759146
0.753659
0.720122
0.685976
0.729268
0.676220
0.673780
0.731098
0.729268
0.770732
0.776829
0.684756
0.675000
0.695122
0.635366
0.660976
0.696951
0.657927
0.708537
0.728659
0.784146
0.730488
0.730488
0.715854
0.695122
0.698171
0.745122
0.737805
0.728659
0.740854
0.698171
0.710366
0.753659
0.767073
0.740854
0.681098
0.674390
0.692683
0.670122
0.685366
0.713415
0.723171
0.732927
0.651829
0.711585
0.735366
0.649390
0.631707
0.785366
0.703049
0.743293
0.742073
0.682927
0.777439
0.726829
0.721951
0.678659
0.723171
0.713415
0.796951
0.728049
0.723780
0.682317
0.728049
0.717683
0.717683
0.718902
0.691463
0.715854
0.715244
0.743902
0.720732
0.700610
0.737195
0.737195
0.702439
0.702439
0.688415
0.768293
0.735976
0.740244
0.693902
0.780488
0.724390
0.749390
0.718293
0.703659
0.773171
0.684146
0.751220
0.676220
0.771951
0.736585
0.778659
0.718902
0.724390
0.726220
0.745122
0.644512
0.676829
0.675610
0.694512
0.715244
0.751220
0.630488
0.705488
0.756707
0.645732
0.756098
0.683537
0.743293
0.706098
0.732317
0.731707
0.720732
0.737195
0.699390
0.758537
0.658537
0.731098
0.682317
0.779878
0.701829
0.723780
0.784146
0.664634
0.756098
0.723780
0.716463
0.759756
0.714634
0.685976
0.689634
0.731707
0.714634
0.776829
0.756707
0.703659
0.726829
0.696341
0.770122
0.750610
0.733537
0.700610
0.687195
0.709756
0.689024
0.682317
0.706098
0.676220
0.729878
0.726220
0.689634
0.756707
0.726220
0.589634
0.704878
0.688415
0.678659
0.728049
0.735366
0.701829
0.708537
0.721951
0.741463
0.725000
0.754268
0.745732
0.738415
0.652439
0.797561
0.687195
0.731098
0.697561
0.731707
0.702439
0.653049
0.671341
0.761585
0.771951
0.761585
0.708537
0.734146
0.674390
0.632927
0.741463
0.759756
0.694512
0.753049
0.758537
0.756707
0.690244
0.764024
0.711585
0.693902
0.726829
0.722561
0.686585
0.695122
0.762195
0.695122
0.790244
0.685976
0.754878
0.643293
0.762805
0.690854
0.691463
0.717073
0.708537
0.701220
0.683537
0.740244
0.667073
0.730488
0.721341
0.743293
0.712805
0.770122
0.775610
0.719512
0.711585
0.706707
0.757317
0.709146
0.740854
0.706707
0.703659
0.709756
0.667073
0.667683
0.724390
0.697561
0.657317
0.728659
0.733537
0.727439
0.682927
0.616463
0.757927
0.715244
0.754878
0.742683
0.698171
0.750000
0.724390
0.802439
0.734756
0.714024
0.706707
0.703659
0.710976
0.752439
0.769512
0.728049
0.753049
0.662195
0.745122
0.729878
0.661585
0.724390
0.718902
0.715244
0.687195
0.691463
0.716463
0.707317
0.756707
0.666463
0.740854
0.769512
0.676829
0.750000
0.742073
0.683537
0.714024
0.737195
0.723171
0.639634
0.649390
0.644512
0.731707
0.726829
0.712805
0.657317
0.695732
0.765244
0.731707
0.757927
0.720122
0.667073
0.724390
0.647561
0.682927
0.705488
0.697561
0.679878
0.751829
0.741463
0.758537
0.760366
0.701220
0.630488
0.728659
0.700610
0.685366
0.734146
0.718293
0.667683
0.659146
0.728049
0.684756
0.709146
0.684146
0.771951
0.672561
0.735976
0.770732
0.729268
0.799390
0.675610
0.708537
0.691463
0.724390
0.653049
0.653049
0.760366
0.754878
0.743293
0.734146
0.734756
0.766463
0.775610
0.720122
0.650610
0.751829
0.754268
0.662805
0.764634
0.769512
0.712195
0.715244
0.715244
0.687195
0.673780
0.698171
0.719512
0.656707
0.751220
0.701829
0.717073
0.704268
0.732317
0.655488
0.661585
0.717073
0.718293
0.707927
0.728659
0.668293
0.699390
0.650000
0.675000
0.760366
0.669512
0.757317
0.764634
0.698171
0.706707
0.750000
0.711585
0.662805
0.732317
0.662195
0.768293
0.700610
0.734146
0.740244
0.730488
0.742073
0.704878
0.731707
0.759756
0.693293
0.722561
0.773171
0.698171
0.623780
0.717683
0.709756
0.735366
0.751220
0.756707
0.712805
0.645732
0.676829
0.696341
0.670122
0.778659
0.748780
0.715854
0.715854
0.743293
0.772561
0.714024
0.704878
0.740244
0.764634
0.688415
0.698171
0.711585
0.631098
0.799390
0.729878
0.679878
0.664634
0.718902
0.755488
0.766463
0.792683
0.659146
0.735976
0.724390
0.764024
0.748171
0.717683
0.737805
0.736585
0.671341
0.675000
0.723780
0.740244
0.764024
0.662195
0.707317
0.676829
0.729268
0.660366
0.722561
0.655488
0.725000
0.723171
0.677439
0.704878
0.715244
0.721951
0.756707
0.774390
0.726220
0.704268
0.670122
0.729878
0.663415
0.700610
0.653659
0.703049
0.694512
0.710976
0.742073
0.721341
0.705488
0.740854
0.699390
0.665854
0.732927
0.702439
0.773780
0.693293
0.662805
0.716463
0.724390
0.693902
0.745732
0.667073
0.736585
0.689634
0.723780
0.742073
0.765854
0.705488
0.715854
0.725610
0.707927
0.687805
0.782927
0.671341
0.715244
0.729878
0.743293
0.733537
0.640244
0.751829
0.748780
0.679268
0.712195
0.794512
0.721341
0.734756
0.732317
0.729268
0.718902
0.731707
0.712195
0.637195
0.732317
0.771341
0.778659
0.734756
0.715854
0.762805
0.699390
0.731707
0.679878
0.724390
0.760366
0.767073
0.684756
0.678049
0.723171
0.588415
0.723171
0.721341
0.787805
0.731707
0.690854
0.647561
0.760976
0.730488
0.751220
0.767683
0.688415
0.718902
0.746951
0.673171
0.684146
0.735366
0.697561
0.692073
0.764024
0.721951
0.746951
0.743293
0.779878
0.699390
0.760366
0.705488
0.752439
0.714024
0.765854
0.613415
0.676829
0.743293
0.675610
0.683537
0.716463
0.739024
0.664634
0.669512
0.695732
0.666463
0.714634
0.762195
0.673171
0.694512
0.772561
0.655488
0.748171
0.749390
0.665854
0.735366
0.671951
0.739024
0.727439
0.683537
0.728659
0.768902
0.732927
0.709146
0.753049
0.735976
0.657927
0.729268
0.719512
0.743902
0.746341
0.693293
0.729268
0.728049
0.714024
0.708537
0.720732
0.681707
0.718293
0.706098
0.710976
0.778049
0.733537
0.767073
0.739024
0.687805
0.738415
0.712195
0.687805
0.734146
0.742073
0.754268
0.693902
0.749390
0.701829
0.650000
0.720732
0.626220
0.774390
0.734756
0.710366
0.742073
0.650000
0.671341
0.745122
0.623171
0.679878
0.692073
0.690854
0.698171
0.741463
0.736585
0.715244
0.733537
0.692683
0.688415
0.706098
0.767683
0.778659
0.712195
0.699390
0.745122
0.684146
0.716463
0.720732
0.770122
0.747561
0.769512
0.761585
0.728049
0.682927
0.765244
0.690244
0.725000
0.739634
0.712805
0.738415
0.655488
0.681098
0.783537
0.706098
0.753659
0.685976
0.745732
0.678659
0.732317
0.679268
0.698780
0.729268
0.784756
0.725610
0.673780
0.728659
0.713415
0.637805
0.673780
0.733537
0.657927
0.659146
0.746341
0.649390
0.750610
0.701220
0.663415
0.767073
0.737805
0.691463
0.707317
0.739634
0.744512
0.731707
0.732317
0.753659
0.747561
0.710366
0.732317
0.689634
0.715854
0.761585
0.710366
0.755488
0.787805
0.734146
0.721951
0.740244
0.703049
0.703659
0.712195
0.701220
0.685976
0.718902
0.737195
0.706098
0.724390
0.759146
0.755488
0.779878
0.767073
0.646341
0.677439
0.792683
0.709756
0.711585
0.660976
0.760976
0.711585
0.689024
0.686585
0.698171
0.748780
0.757317
0.702439
0.715244
0.683537
0.764634
0.767683
0.729878
0.687805
0.658537
0.717073
0.719512
0.748171
0.735976
0.717073
0.710366
0.779878
0.676220
0.701829
0.664024
0.654878
0.678659
0.737805
0.808537
0.717073
0.696951
0.704878
0.714024
0.629268
0.722561
0.714024
0.744512
0.734756
0.718293
0.763415
0.685976
0.782927
0.753659
0.734146
0.734146
0.680488
0.659146
0.709756
0.660366
0.706098
0.747561
0.726220
0.726220
0.745122
0.758537
0.661585
0.759756
0.751220
0.662195
0.705488
0.700000
0.687805
0.643902
0.671341
0.724390
0.734756
0.648780
0.775000
0.730488
0.731707
0.773780
0.717073
0.689024
0.728659
0.701829
0.725000
0.730488
0.743902
0.695122
0.670122
0.701829
0.693902
0.765244
0.684756
0.696341
0.684756
0.762195
0.693293
0.661585
0.742683
0.728659
0.724390
0.742683
0.755488
0.718293
0.700000
0.734756
0.707927
0.731707
0.705488
0.756707
0.731707
0.740244
0.763415
0.757317
0.723171
0.637805
0.717683
0.743902
0.734756
0.721951
0.719512
0.675000
0.759146
0.740244
0.729268
0.689634
0.771341
0.701220
0.687195
0.734146
0.710366
0.746341
0.703049
0.659146
0.743902
0.704878
0.709756
0.715244
0.756098
0.750610
0.745732
0.624390
0.696951
0.676829
0.631707
0.713415
0.761585
0.727439
0.725610
0.693293
0.739024
0.796951
0.721951
0.650610
0.762805
0.705488
0.729878
0.739634
0.740854
0.729878
0.768293
0.700000
0.767683
0.714024
0.750000
0.669512
0.715854
0.709756
0.762805
0.687195
0.727439
0.747561
0.681098
0.762805
0.743293
0.721341
0.737195
0.741463
0.695122
0.737805
-------
-------
*******
