0.823529
0.827206
0.742647
0.783088
0.702206
0.705882
0.794118
0.764706
0.841912
0.610294
0.764706
0.794118
0.768382
0.694853
0.801471
0.709559
0.761029
0.768382
0.628676
0.889706
0.779412
0.709559
0.713235
0.779412
0.871324
0.742647
0.746324
0.680147
0.786765
0.720588
0.794118
0.672794
0.783088
0.753676
0.735294
0.823529
0.727941
0.698529
0.698529
0.860294
0.757353
0.639706
0.716912
0.783088
0.735294
0.705882
0.702206
0.790441
0.727941
0.768382
0.735294
0.761029
0.783088
0.694853
0.823529
0.757353
0.764706
0.746324
0.746324
0.768382
0.727941
0.757353
0.680147
0.750000
0.750000
0.794118
0.705882
0.761029
0.694853
0.746324
0.727941
0.672794
0.724265
0.779412
0.779412
0.775735
0.772059
0.775735
0.797794
0.830882
0.735294
0.768382
0.709559
0.698529
0.753676
0.738971
0.724265
0.852941
0.750000
0.735294
0.768382
0.753676
0.750000
0.834559
0.727941
0.863971
0.761029
0.786765
0.812500
0.746324
0.750000
0.856618
0.753676
0.757353
0.735294
0.790441
0.727941
0.617647
0.786765
0.819853
0.772059
0.731618
0.606618
0.783088
0.738971
0.694853
0.772059
0.812500
0.757353
0.775735
0.757353
0.650735
0.830882
0.720588
0.797794
0.757353
0.713235
0.610294
0.672794
0.805147
0.676471
0.628676
0.716912
0.801471
0.735294
0.768382
0.713235
0.764706
0.698529
0.863971
0.775735
0.727941
0.750000
0.819853
0.731618
0.808824
0.750000
0.687500
0.786765
0.716912
0.808824
0.750000
0.669118
0.742647
0.823529
0.738971
0.613971
0.753676
0.720588
0.709559
0.661765
0.687500
0.764706
0.808824
0.764706
0.764706
0.720588
0.790441
0.606618
0.680147
0.750000
0.602941
0.606618
0.742647
0.772059
0.738971
0.716912
0.761029
0.761029
0.790441
0.823529
0.797794
0.812500
0.738971
0.786765
0.786765
0.731618
0.672794
0.772059
0.698529
0.808824
0.757353
0.753676
0.801471
0.775735
0.805147
0.720588
0.797794
0.735294
0.727941
0.757353
0.750000
0.834559
0.750000
0.738971
0.757353
0.691176
0.753676
0.783088
0.830882
0.830882
0.757353
0.816176
0.731618
0.669118
0.735294
0.805147
0.757353
0.768382
0.797794
0.827206
0.816176
0.738971
0.805147
0.750000
0.731618
0.801471
0.698529
0.654412
0.658088
0.783088
0.705882
0.757353
0.797794
0.713235
0.823529
0.713235
0.665441
0.786765
0.738971
0.794118
0.647059
0.852941
0.779412
0.764706
0.764706
0.827206
0.764706
0.768382
0.819853
0.841912
0.746324
0.834559
0.801471
0.783088
0.727941
0.790441
0.823529
0.617647
0.709559
0.830882
0.772059
0.856618
0.724265
0.738971
0.643382
0.772059
0.830882
0.602941
0.783088
0.709559
0.764706
0.775735
0.750000
0.757353
0.705882
0.727941
0.794118
0.735294
0.761029
0.823529
0.669118
0.772059
0.816176
0.790441
0.676471
0.709559
0.794118
0.812500
0.683824
0.761029
0.716912
0.812500
0.632353
0.654412
0.816176
0.713235
0.808824
0.794118
0.753676
0.823529
0.772059
0.779412
0.797794
0.849265
0.772059
0.757353
0.705882
0.643382
0.683824
0.713235
0.805147
0.694853
0.786765
0.654412
0.827206
0.735294
0.672794
0.845588
0.691176
0.705882
0.632353
0.702206
0.801471
0.750000
0.801471
0.698529
0.702206
0.779412
0.720588
0.716912
0.746324
0.808824
0.709559
0.783088
0.731618
0.757353
0.794118
0.779412
0.738971
0.742647
0.702206
0.761029
0.816176
0.783088
0.709559
0.724265
0.746324
0.812500
0.775735
0.735294
0.764706
0.628676
0.790441
0.731618
0.720588
0.672794
0.823529
0.797794
0.764706
0.790441
0.801471
0.720588
0.794118
0.647059
0.786765
0.742647
0.709559
0.757353
0.658088
0.691176
0.753676
0.764706
0.801471
0.731618
0.731618
0.801471
0.753676
0.705882
0.794118
0.742647
0.727941
0.794118
0.628676
0.797794
0.772059
0.661765
0.724265
0.724265
0.753676
0.676471
0.761029
0.716912
0.735294
0.702206
0.768382
0.772059
0.643382
0.786765
0.599265
0.731618
0.819853
0.772059
0.764706
0.764706
0.827206
0.672794
0.742647
0.683824
0.753676
0.742647
0.779412
0.797794
0.805147
0.801471
0.775735
0.753676
0.757353
0.779412
0.786765
0.805147
0.698529
0.801471
0.757353
0.724265
0.775735
0.783088
0.738971
0.779412
0.790441
0.852941
0.702206
0.720588
0.720588
0.830882
0.812500
0.753676
0.783088
0.875000
0.779412
0.727941
0.716912
0.779412
0.805147
0.731618
0.683824
0.753676
0.750000
0.724265
0.772059
0.794118
0.738971
0.875000
0.783088
0.827206
0.790441
0.768382
0.643382
0.716912
0.724265
0.761029
0.779412
0.794118
0.750000
0.720588
0.750000
0.764706
0.838235
0.808824
0.801471
0.772059
0.669118
0.713235
0.761029
0.860294
0.735294
0.860294
0.705882
0.819853
0.830882
0.794118
0.632353
0.716912
0.727941
0.783088
0.709559
0.772059
0.805147
0.797794
0.672794
0.805147
0.794118
0.738971
0.786765
0.654412
0.790441
0.838235
0.742647
0.808824
0.731618
0.602941
0.753676
0.805147
0.746324
0.716912
0.694853
0.705882
0.775735
0.738971
0.757353
0.801471
0.797794
0.702206
0.852941
0.750000
0.783088
0.724265
0.746324
0.805147
0.676471
0.724265
0.702206
0.746324
0.863971
0.764706
0.606618
0.768382
0.680147
0.716912
0.812500
0.720588
0.838235
0.757353
0.823529
0.724265
0.709559
0.742647
0.753676
0.613971
0.772059
0.746324
0.750000
0.827206
0.768382
0.676471
0.724265
0.757353
0.727941
0.720588
0.783088
0.750000
0.768382
0.849265
0.779412
0.805147
0.772059
0.838235
0.731618
0.702206
0.761029
0.702206
0.757353
0.761029
0.731618
0.672794
0.808824
0.757353
0.757353
0.783088
0.761029
0.783088
0.775735
0.735294
0.783088
0.772059
0.764706
0.746324
0.794118
0.783088
0.676471
0.808824
0.746324
0.643382
0.761029
0.786765
0.764706
0.783088
0.772059
0.643382
0.750000
0.595588
0.738971
0.761029
0.761029
0.775735
0.720588
0.808824
0.669118
0.827206
0.738971
0.713235
0.757353
0.735294
0.797794
0.761029
0.757353
0.750000
0.687500
0.727941
0.680147
0.768382
0.643382
0.812500
0.779412
0.680147
0.731618
0.768382
0.727941
0.753676
0.783088
0.727941
0.665441
0.772059
0.834559
0.753676
0.772059
0.753676
0.720588
0.731618
0.746324
0.761029
0.753676
0.783088
0.683824
0.738971
0.790441
0.658088
0.805147
0.724265
0.724265
0.702206
0.713235
0.599265
0.889706
0.757353
0.768382
0.727941
0.816176
0.713235
0.772059
0.797794
0.808824
0.805147
0.775735
0.738971
0.672794
0.753676
0.680147
0.772059
0.750000
0.724265
0.713235
0.761029
0.742647
0.801471
0.845588
0.797794
0.808824
0.757353
0.757353
0.727941
0.720588
0.764706
0.705882
0.727941
0.783088
0.790441
0.772059
0.713235
0.808824
0.794118
0.779412
0.823529
0.761029
0.621324
0.639706
0.790441
0.738971
0.742647
0.687500
0.797794
0.709559
0.746324
0.650735
0.801471
0.606618
0.746324
0.761029
0.797794
0.687500
0.716912
0.742647
0.705882
0.731618
0.727941
0.801471
0.702206
0.790441
0.801471
0.724265
0.757353
0.654412
0.632353
0.772059
0.805147
0.764706
0.779412
0.775735
0.783088
0.768382
0.716912
0.750000
0.687500
0.761029
0.849265
0.764706
0.816176
0.746324
0.687500
0.727941
0.647059
0.761029
0.786765
0.705882
0.772059
0.768382
0.761029
0.823529
0.816176
0.764706
0.764706
0.636029
0.724265
0.654412
0.805147
0.772059
0.757353
0.691176
0.709559
0.790441
0.790441
0.790441
0.742647
0.805147
0.830882
0.698529
0.742647
0.632353
0.816176
0.716912
0.746324
0.808824
0.786765
0.753676
0.794118
0.823529
0.772059
0.794118
0.691176
0.683824
0.731618
0.761029
0.797794
0.808824
0.713235
0.812500
0.753676
0.705882
0.757353
0.720588
0.735294
0.724265
0.761029
0.702206
0.772059
0.691176
0.720588
0.779412
0.841912
0.764706
0.761029
0.672794
0.687500
0.797794
0.790441
0.838235
0.705882
0.775735
0.727941
0.786765
0.654412
0.742647
0.625000
0.647059
0.768382
0.812500
0.742647
0.709559
0.720588
0.716912
0.727941
0.720588
0.654412
0.720588
0.764706
0.893382
0.753676
0.716912
0.856618
0.775735
0.705882
0.750000
0.786765
0.801471
0.735294
0.720588
0.852941
0.808824
0.779412
0.779412
0.772059
0.628676
0.720588
0.746324
0.805147
0.738971
0.753676
0.768382
0.639706
0.647059
0.698529
0.746324
0.724265
0.790441
0.661765
0.702206
0.779412
0.735294
0.816176
0.750000
0.790441
0.661765
0.757353
0.731618
0.827206
0.827206
0.849265
0.786765
0.790441
0.731618
0.772059
0.687500
0.713235
0.797794
0.808824
0.694853
0.672794
0.702206
0.672794
0.647059
0.783088
0.856618
0.816176
0.742647
0.738971
0.731618
0.757353
0.794118
0.816176
0.727941
0.753676
0.764706
0.724265
0.716912
0.772059
0.713235
0.750000
0.790441
0.772059
0.812500
0.768382
0.724265
0.819853
0.669118
0.727941
0.845588
0.724265
0.647059
0.775735
0.716912
0.750000
0.775735
0.819853
0.783088
0.819853
0.709559
0.797794
0.720588
0.812500
0.724265
0.665441
0.694853
0.801471
0.786765
0.775735
0.698529
0.783088
0.764706
0.742647
0.720588
0.742647
0.772059
0.702206
0.742647
0.750000
0.713235
0.566176
0.727941
0.867647
0.761029
0.808824
0.742647
0.797794
0.713235
0.797794
0.786765
0.702206
0.606618
0.816176
0.742647
0.794118
0.790441
0.805147
0.860294
0.735294
0.812500
0.727941
0.757353
0.750000
0.812500
0.786765
0.794118
0.665441
0.893382
0.794118
0.676471
0.867647
0.753676
0.753676
0.757353
0.790441
0.775735
0.683824
0.658088
0.812500
0.691176
0.716912
0.691176
0.720588
0.801471
0.750000
0.761029
0.555147
0.757353
0.779412
0.761029
0.676471
0.738971
0.805147
0.746324
0.772059
0.794118
0.816176
0.783088
0.742647
0.525735
0.801471
0.727941
0.757353
0.713235
0.772059
0.801471
0.856618
0.827206
0.757353
0.672794
0.716912
0.753676
0.654412
0.757353
-------
-------
*******
