0.604575
0.588235
0.630719
0.633987
0.578431
0.633987
0.647059
0.807190
0.656863
0.611111
0.558824
0.637255
0.732026
0.656863
0.611111
0.633987
0.722222
0.699346
0.705882
0.486928
0.650327
0.549020
0.679739
0.692810
0.532680
0.705882
0.545752
0.591503
0.604575
0.467320
0.741830
0.614379
0.647059
0.669935
0.607843
0.705882
0.584967
0.581699
0.542484
0.767974
0.676471
0.630719
0.712418
0.702614
0.594771
0.578431
0.568627
0.732026
0.614379
0.627451
0.643791
0.709150
0.718954
0.558824
0.709150
0.643791
0.722222
0.604575
0.555556
0.617647
0.722222
0.676471
0.647059
0.633987
0.598039
0.575163
0.526144
0.611111
0.732026
0.686275
0.614379
0.627451
0.692810
0.732026
0.673203
0.738562
0.735294
0.669935
0.519608
0.679739
0.656863
0.748366
0.738562
0.669935
0.607843
0.601307
0.637255
0.604575
0.712418
0.679739
0.748366
0.666667
0.434641
0.633987
0.683007
0.594771
0.568627
0.725490
0.594771
0.663399
0.578431
0.614379
0.640523
0.656863
0.627451
0.598039
0.728758
0.637255
0.643791
0.575163
0.555556
0.653595
0.633987
0.598039
0.565359
0.555556
0.549020
0.620915
0.607843
0.611111
0.601307
0.676471
0.617647
0.591503
0.643791
0.637255
0.669935
0.617647
0.558824
0.562092
0.722222
0.467320
0.519608
0.630719
0.689542
0.598039
0.722222
0.568627
0.620915
0.647059
0.581699
0.650327
0.493464
0.535948
0.401961
0.633987
0.594771
0.562092
0.686275
0.673203
0.581699
0.640523
0.653595
0.725490
0.617647
0.669935
0.653595
0.591503
0.558824
0.686275
0.663399
0.712418
0.758170
0.604575
0.620915
0.666667
0.614379
0.611111
0.591503
0.611111
0.611111
0.633987
0.709150
0.522876
0.640523
0.591503
0.673203
0.650327
0.777778
0.699346
0.761438
0.663399
0.679739
0.607843
0.630719
0.735294
0.594771
0.620915
0.480392
0.686275
0.604575
0.676471
0.578431
0.539216
0.718954
0.669935
0.604575
0.647059
0.738562
0.686275
0.663399
0.712418
0.571895
0.702614
0.614379
0.669935
0.571895
0.650327
0.663399
0.627451
0.722222
0.627451
0.607843
0.767974
0.679739
0.732026
0.767974
0.666667
0.650327
0.666667
0.620915
0.539216
0.647059
0.656863
0.542484
0.660131
0.686275
0.643791
0.611111
0.679739
0.712418
0.598039
0.666667
0.558824
0.660131
0.637255
0.604575
0.611111
0.607843
0.630719
0.454248
0.630719
0.692810
0.748366
0.637255
0.758170
0.712418
0.767974
0.735294
0.722222
0.709150
0.581699
0.686275
0.509804
0.754902
0.562092
0.679739
0.624183
0.506536
0.686275
0.620915
0.735294
0.673203
0.673203
0.715686
0.705882
0.591503
0.565359
0.431373
0.620915
0.614379
0.542484
0.692810
0.601307
0.656863
0.614379
0.699346
0.630719
0.715686
0.457516
0.686275
0.669935
0.614379
0.676471
0.591503
0.578431
0.614379
0.728758
0.633987
0.673203
0.624183
0.751634
0.656863
0.542484
0.630719
0.601307
0.754902
0.607843
0.771242
0.506536
0.660131
0.669935
0.614379
0.683007
0.702614
0.611111
0.584967
0.663399
0.617647
0.699346
0.509804
0.558824
0.633987
0.696078
0.591503
0.686275
0.650327
0.656863
0.568627
0.705882
0.656863
0.630719
0.565359
0.493464
0.774510
0.702614
0.718954
0.679739
0.601307
0.656863
0.620915
0.683007
0.617647
0.601307
0.699346
0.741830
0.627451
0.718954
0.741830
0.689542
0.761438
0.584967
0.624183
0.666667
0.669935
0.663399
0.630719
0.549020
0.764706
0.601307
0.683007
0.500000
0.588235
0.650327
0.617647
0.663399
0.715686
0.722222
0.643791
0.562092
0.722222
0.679739
0.614379
0.571895
0.650327
0.633987
0.620915
0.761438
0.745098
0.696078
0.686275
0.712418
0.686275
0.633987
0.601307
0.519608
0.428105
0.604575
0.725490
0.709150
0.764706
0.810458
0.683007
0.565359
0.624183
0.715686
0.676471
0.673203
0.728758
0.640523
0.627451
0.686275
0.535948
0.748366
0.715686
0.722222
0.781046
0.712418
0.696078
0.614379
0.614379
0.754902
0.633987
0.686275
0.702614
0.709150
0.669935
0.617647
0.535948
0.728758
0.669935
0.637255
0.647059
0.604575
0.630719
0.614379
0.630719
0.624183
0.522876
0.643791
0.584967
0.679739
0.745098
0.624183
0.509804
0.725490
0.545752
0.584967
0.660131
0.656863
0.565359
0.676471
0.741830
0.705882
0.588235
0.627451
0.735294
0.604575
0.640523
0.647059
0.751634
0.735294
0.679739
0.627451
0.477124
0.633987
0.676471
0.601307
0.705882
0.627451
0.679739
0.604575
0.689542
0.692810
0.571895
0.650327
0.630719
0.558824
0.611111
0.555556
0.607843
0.686275
0.594771
0.679739
0.663399
0.683007
0.676471
0.653595
0.545752
0.552288
0.614379
0.568627
0.506536
0.519608
0.571895
0.676471
0.660131
0.660131
0.705882
0.643791
0.627451
0.516340
0.591503
0.614379
0.637255
0.558824
0.669935
0.464052
0.712418
0.611111
0.676471
0.728758
0.705882
0.653595
0.696078
0.696078
0.754902
0.676471
0.647059
0.663399
0.725490
0.620915
0.558824
0.696078
0.686275
0.607843
0.611111
0.405229
0.673203
0.702614
0.709150
0.640523
0.496732
0.532680
0.627451
0.598039
0.660131
0.666667
0.686275
0.627451
0.702614
0.669935
0.594771
0.607843
0.601307
0.735294
0.575163
0.669935
0.513072
0.588235
0.663399
0.562092
0.673203
0.679739
0.686275
0.581699
0.601307
0.601307
0.686275
0.741830
0.705882
0.728758
0.584967
0.666667
0.598039
0.683007
0.712418
0.660131
0.558824
0.581699
0.764706
0.640523
0.562092
0.545752
0.705882
0.526144
0.601307
0.696078
0.588235
0.722222
0.683007
0.549020
0.669935
0.669935
0.584967
0.781046
0.607843
0.565359
0.584967
0.578431
0.643791
0.614379
0.712418
0.761438
0.581699
0.552288
0.663399
0.692810
0.715686
0.718954
0.506536
0.578431
0.630719
0.584967
0.692810
0.656863
0.643791
0.669935
0.725490
0.676471
0.738562
0.614379
0.647059
0.679739
0.705882
0.669935
0.614379
0.620915
0.627451
0.673203
0.637255
0.767974
0.673203
0.581699
0.607843
0.578431
0.660131
0.669935
0.535948
0.705882
0.673203
0.611111
0.555556
0.660131
0.728758
0.660131
0.588235
0.627451
0.692810
0.761438
0.679739
0.771242
0.683007
0.637255
0.709150
0.699346
0.686275
0.611111
0.653595
0.633987
0.607843
0.633987
0.709150
0.689542
0.614379
0.702614
0.598039
0.633987
0.581699
0.647059
0.758170
0.784314
0.594771
0.650327
0.660131
0.627451
0.604575
0.751634
0.640523
0.532680
0.633987
0.601307
0.640523
0.643791
0.663399
0.617647
0.578431
0.718954
0.771242
0.689542
0.689542
0.535948
0.663399
0.588235
0.568627
0.614379
0.611111
0.437908
0.669935
0.519608
0.663399
0.699346
0.741830
0.594771
0.663399
0.578431
0.617647
0.617647
0.575163
0.591503
0.686275
0.562092
0.702614
0.611111
0.660131
0.562092
0.676471
0.614379
0.594771
0.647059
0.545752
0.728758
0.630719
0.617647
0.630719
0.552288
0.696078
0.705882
0.535948
0.614379
0.447712
0.584967
0.692810
0.722222
0.594771
0.643791
0.650327
0.633987
0.519608
0.578431
0.620915
0.696078
0.689542
0.591503
0.663399
0.578431
0.640523
0.637255
0.630719
0.699346
0.656863
0.686275
0.663399
0.683007
0.673203
0.663399
0.558824
0.630719
0.529412
0.555556
0.578431
0.663399
0.594771
0.663399
0.581699
0.470588
0.620915
0.594771
0.738562
0.529412
0.604575
0.477124
0.565359
0.656863
0.594771
0.647059
0.571895
0.686275
0.732026
0.712418
0.594771
0.627451
0.699346
0.607843
0.686275
0.584967
0.565359
0.627451
0.718954
0.751634
0.679739
0.575163
0.712418
0.673203
0.575163
0.614379
0.500000
0.584967
0.539216
0.633987
0.800654
0.669935
0.692810
0.571895
0.702614
0.584967
0.624183
0.699346
0.535948
0.660131
0.676471
0.640523
0.735294
0.627451
0.637255
0.686275
0.633987
0.679739
0.712418
0.696078
0.686275
0.686275
0.663399
0.712418
0.584967
0.604575
0.565359
0.735294
0.830065
0.496732
0.803922
0.679739
0.673203
0.666667
0.598039
0.666667
0.555556
0.660131
0.686275
0.578431
0.598039
0.676471
0.565359
0.686275
0.562092
0.702614
0.660131
0.647059
0.588235
0.601307
0.689542
0.647059
0.500000
0.624183
0.715686
0.503268
0.732026
0.732026
0.591503
0.607843
0.676471
0.513072
0.741830
0.604575
0.790850
0.633987
0.692810
0.630719
0.647059
0.669935
0.620915
0.519608
0.673203
0.601307
0.598039
0.718954
0.673203
0.643791
0.578431
0.656863
0.624183
0.565359
0.712418
0.705882
0.513072
0.630719
0.666667
0.607843
0.643791
0.630719
0.633987
0.676471
0.588235
0.601307
0.624183
0.562092
0.607843
0.663399
0.588235
0.738562
0.562092
0.725490
0.558824
0.522876
0.666667
0.683007
0.735294
0.532680
0.771242
0.542484
0.790850
0.741830
0.673203
0.617647
0.614379
0.545752
0.669935
0.506536
0.660131
0.653595
0.689542
0.689542
0.545752
0.647059
0.611111
0.581699
0.552288
0.777778
0.633987
0.549020
0.732026
0.555556
0.571895
0.637255
0.663399
0.751634
0.650327
0.627451
0.676471
0.611111
0.607843
0.447712
0.643791
0.630719
0.617647
0.669935
0.699346
0.604575
0.673203
0.669935
0.637255
0.751634
0.627451
0.656863
0.781046
0.627451
0.594771
0.552288
0.660131
0.604575
0.725490
0.650327
0.630719
0.633987
0.699346
0.686275
0.784314
0.568627
0.584967
0.568627
0.803922
0.715686
0.611111
0.669935
0.565359
0.686275
0.689542
0.679739
0.617647
0.611111
0.647059
0.555556
0.611111
0.718954
0.620915
0.650327
0.673203
0.624183
0.594771
0.630719
0.669935
0.509804
0.712418
0.588235
0.555556
0.617647
0.643791
0.745098
0.650327
0.486928
0.712418
0.601307
0.653595
0.666667
0.640523
0.581699
0.712418
0.666667
0.660131
0.555556
0.624183
0.663399
0.526144
0.503268
0.647059
0.683007
0.591503
0.630719
0.699346
0.447712
0.666667
0.607843
0.555556
0.683007
0.552288
0.516340
0.480392
0.653595
0.633987
0.676471
-------
-------
*******
