0.603175
0.484127
0.537037
0.597884
0.666667
0.669312
0.664021
0.756614
0.338624
0.621693
0.682540
0.645503
0.724868
0.677249
0.552910
0.497354
0.682540
0.674603
0.515873
0.560847
0.661376
0.619048
0.679894
0.708995
0.629630
0.600529
0.669312
0.539683
0.637566
0.714286
0.674603
0.656085
0.616402
0.513228
0.574074
0.642857
0.502646
0.523810
0.645503
0.640212
0.613757
0.669312
0.492063
0.613757
0.571429
0.674603
0.626984
0.658730
0.727513
0.558201
0.701058
0.645503
0.640212
0.648148
0.650794
0.600529
0.558201
0.391534
0.759259
0.497354
0.629630
0.677249
0.642857
0.600529
0.544974
0.690476
0.587302
0.529101
0.653439
0.592593
0.597884
0.576720
0.605820
0.597884
0.563492
0.637566
0.730159
0.555556
0.579365
0.605820
0.640212
0.664021
0.542328
0.732804
0.603175
0.587302
0.642857
0.714286
0.743386
0.531746
0.531746
0.584656
0.568783
0.534392
0.674603
0.637566
0.621693
0.592593
0.629630
0.661376
0.703704
0.714286
0.595238
0.563492
0.584656
0.634921
0.708995
0.640212
0.658730
0.574074
0.674603
0.605820
0.640212
0.658730
0.629630
0.550265
0.637566
0.579365
0.613757
0.656085
0.616402
0.698413
0.727513
0.613757
0.589947
0.589947
0.563492
0.687831
0.441799
0.447090
0.613757
0.706349
0.624339
0.685185
0.703704
0.597884
0.608466
0.433862
0.706349
0.595238
0.624339
0.584656
0.584656
0.592593
0.455026
0.640212
0.711640
0.449735
0.558201
0.500000
0.552910
0.476190
0.624339
0.619048
0.560847
0.455026
0.563492
0.698413
0.492063
0.492063
0.714286
0.597884
0.687831
0.695767
0.753968
0.560847
0.476190
0.539683
0.497354
0.648148
0.679894
0.674603
0.724868
0.589947
0.661376
0.621693
0.439153
0.661376
0.576720
0.600529
0.634921
0.402116
0.582011
0.690476
0.674603
0.642857
0.457672
0.648148
0.658730
0.653439
0.629630
0.547619
0.701058
0.608466
0.552910
0.560847
0.603175
0.634921
0.584656
0.492063
0.632275
0.619048
0.671958
0.629630
0.753968
0.587302
0.587302
0.560847
0.534392
0.611111
0.552910
0.634921
0.642857
0.642857
0.576720
0.595238
0.600529
0.605820
0.735450
0.478836
0.611111
0.539683
0.568783
0.534392
0.603175
0.579365
0.679894
0.722222
0.698413
0.616402
0.608466
0.648148
0.695767
0.619048
0.626984
0.576720
0.632275
0.571429
0.587302
0.706349
0.666667
0.560847
0.611111
0.629630
0.486772
0.634921
0.507937
0.605820
0.645503
0.542328
0.592593
0.611111
0.669312
0.571429
0.616402
0.626984
0.634921
0.656085
0.515873
0.621693
0.613757
0.674603
0.510582
0.645503
0.624339
0.616402
0.642857
0.613757
0.513228
0.616402
0.677249
0.571429
0.682540
0.603175
0.621693
0.656085
0.547619
0.634921
0.550265
0.592593
0.648148
0.648148
0.642857
0.629630
0.682540
0.666667
0.701058
0.650794
0.555556
0.666667
0.687831
0.595238
0.624339
0.579365
0.616402
0.624339
0.642857
0.642857
0.677249
0.674603
0.613757
0.605820
0.730159
0.656085
0.566138
0.634921
0.603175
0.582011
0.695767
0.626984
0.531746
0.632275
0.629630
0.566138
0.542328
0.637566
0.587302
0.547619
0.648148
0.637566
0.648148
0.574074
0.513228
0.664021
0.537037
0.671958
0.624339
0.656085
0.634921
0.611111
0.534392
0.513228
0.600529
0.711640
0.619048
0.632275
0.433862
0.605820
0.624339
0.682540
0.698413
0.640212
0.531746
0.560847
0.613757
0.637566
0.534392
0.671958
0.634921
0.486772
0.648148
0.648148
0.603175
0.523810
0.568783
0.603175
0.523810
0.605820
0.600529
0.605820
0.613757
0.722222
0.613757
0.605820
0.648148
0.584656
0.486772
0.664021
0.682540
0.642857
0.653439
0.587302
0.791005
0.433862
0.648148
0.608466
0.648148
0.595238
0.711640
0.701058
0.682540
0.666667
0.674603
0.645503
0.566138
0.664021
0.608466
0.690476
0.632275
0.693122
0.669312
0.587302
0.666667
0.714286
0.563492
0.687831
0.650794
0.626984
0.703704
0.698413
0.542328
0.653439
0.671958
0.555556
0.568783
0.579365
0.539683
0.671958
0.489418
0.455026
0.693122
0.542328
0.687831
0.650794
0.626984
0.679894
0.529101
0.664021
0.579365
0.481481
0.592593
0.629630
0.611111
0.373016
0.645503
0.550265
0.716931
0.640212
0.724868
0.589947
0.632275
0.555556
0.613757
0.611111
0.600529
0.730159
0.550265
0.497354
0.544974
0.600529
0.740741
0.566138
0.470899
0.603175
0.582011
0.682540
0.653439
0.558201
0.656085
0.486772
0.568783
0.645503
0.722222
0.679894
0.587302
0.523810
0.603175
0.611111
0.555556
0.682540
0.648148
0.624339
0.650794
0.664021
0.642857
0.613757
0.682540
0.619048
0.624339
0.542328
0.566138
0.595238
0.605820
0.603175
0.619048
0.507937
0.642857
0.645503
0.661376
0.637566
0.603175
0.603175
0.679894
0.539683
0.640212
0.576720
0.613757
0.634921
0.661376
0.690476
0.468254
0.661376
0.534392
0.492063
0.587302
0.653439
0.611111
0.576720
0.698413
0.653439
0.690476
0.550265
0.706349
0.648148
0.687831
0.637566
0.716931
0.539683
0.653439
0.552910
0.653439
0.589947
0.597884
0.621693
0.624339
0.566138
0.502646
0.621693
0.592593
0.698413
0.671958
0.568783
0.711640
0.722222
0.650794
0.624339
0.584656
0.563492
0.600529
0.653439
0.468254
0.555556
0.510582
0.587302
0.703704
0.613757
0.481481
0.597884
0.611111
0.624339
0.637566
0.584656
0.735450
0.595238
0.642857
0.507937
0.679894
0.674603
0.537037
0.629630
0.600529
0.637566
0.605820
0.537037
0.470899
0.547619
0.664021
0.685185
0.526455
0.616402
0.613757
0.566138
0.571429
0.711640
0.629630
0.645503
0.576720
0.526455
0.595238
0.589947
0.544974
0.658730
0.632275
0.711640
0.611111
0.751323
0.650794
0.637566
0.632275
0.550265
0.550265
0.624339
0.666667
0.642857
0.624339
0.751323
0.650794
0.637566
0.658730
0.626984
0.653439
0.592593
0.603175
0.584656
0.661376
0.645503
0.650794
0.568783
0.632275
0.603175
0.552910
0.624339
0.616402
0.703704
0.642857
0.695767
0.587302
0.624339
0.537037
0.666667
0.597884
0.576720
0.679894
0.698413
0.608466
0.666667
0.402116
0.661376
0.642857
0.560847
0.515873
0.645503
0.637566
0.629630
0.507937
0.716931
0.634921
0.658730
0.658730
0.547619
0.711640
0.714286
0.542328
0.558201
0.637566
0.597884
0.597884
0.634921
0.701058
0.417989
0.642857
0.648148
0.656085
0.539683
0.629630
0.640212
0.658730
0.634921
0.558201
0.706349
0.494709
0.558201
0.550265
0.605820
0.653439
0.629630
0.629630
0.558201
0.687831
0.515873
0.592593
0.629630
0.624339
0.626984
0.624339
0.701058
0.388889
0.679894
0.529101
0.677249
0.645503
0.743386
0.637566
0.396825
0.534392
0.507937
0.653439
0.582011
0.687831
0.634921
0.629630
0.648148
0.571429
0.595238
0.500000
0.634921
0.613757
0.624339
0.579365
0.592593
0.600529
0.539683
0.582011
0.603175
0.727513
0.589947
0.619048
0.587302
0.600529
0.634921
0.650794
0.568783
0.582011
0.706349
0.711640
0.518519
0.447090
0.603175
0.526455
0.597884
0.425926
0.589947
0.645503
0.584656
0.730159
0.608466
0.539683
0.589947
0.576720
0.587302
0.523810
0.468254
0.695767
0.640212
0.589947
0.568783
0.656085
0.476190
0.486772
0.613757
0.629630
0.515873
0.648148
0.619048
0.634921
0.677249
0.640212
0.505291
0.658730
0.674603
0.642857
0.595238
0.587302
0.629630
0.608466
0.661376
0.513228
0.650794
0.690476
0.637566
0.584656
0.703704
0.658730
0.674603
0.677249
0.544974
0.587302
0.682540
0.701058
0.642857
0.714286
0.695767
0.629630
0.552910
0.412698
0.679894
0.632275
0.677249
0.542328
0.605820
0.534392
0.608466
0.698413
0.656085
0.642857
0.658730
0.603175
0.619048
0.642857
0.597884
0.650794
0.611111
0.698413
0.624339
0.447090
0.589947
0.658730
0.552910
0.605820
0.645503
0.571429
0.542328
0.685185
0.550265
0.613757
0.611111
0.574074
0.584656
0.558201
0.576720
0.671958
0.626984
0.685185
0.703704
0.531746
0.550265
0.648148
0.634921
0.682540
0.637566
0.373016
0.645503
0.714286
0.507937
0.637566
0.650794
0.650794
0.690476
0.656085
0.571429
0.679894
0.616402
0.645503
0.669312
0.613757
0.582011
0.576720
0.650794
0.542328
0.661376
0.613757
0.605820
0.642857
0.547619
0.624339
0.534392
0.682540
0.629630
0.547619
0.671958
0.634921
0.658730
0.619048
0.539683
0.579365
0.539683
0.626984
0.640212
0.626984
0.650794
0.640212
0.552910
0.574074
0.587302
0.582011
0.761905
0.563492
0.505291
0.645503
0.613757
0.632275
0.616402
0.661376
0.682540
0.555556
0.716931
0.518519
0.558201
0.632275
0.626984
0.534392
0.621693
0.558201
0.656085
0.502646
0.682540
0.582011
0.772487
0.600529
0.637566
0.539683
0.642857
0.727513
0.613757
0.608466
0.656085
0.544974
0.677249
0.597884
0.685185
0.650794
0.534392
0.566138
0.523810
0.608466
0.632275
0.619048
0.661376
0.534392
0.576720
0.695767
0.605820
0.550265
0.661376
0.666667
0.563492
0.626984
0.671958
0.642857
0.510582
0.571429
0.621693
0.521164
0.489418
0.600529
0.637566
0.690476
0.666667
0.650794
0.632275
0.589947
0.640212
0.634921
0.624339
0.507937
0.708995
0.558201
0.597884
0.587302
0.708995
0.595238
0.671958
0.645503
0.714286
0.571429
0.534392
0.603175
0.611111
0.608466
0.658730
0.674603
0.605820
0.666667
0.769841
0.711640
0.518519
0.632275
0.544974
0.637566
0.600529
0.642857
0.616402
0.714286
0.719577
0.608466
0.576720
0.595238
0.648148
0.642857
0.579365
0.669312
0.592593
0.632275
0.589947
0.465608
0.494709
0.640212
0.648148
0.671958
0.626984
0.669312
0.457672
0.658730
0.653439
0.669312
0.626984
0.624339
0.611111
0.431217
0.687831
0.679894
0.685185
0.613757
0.653439
0.531746
0.574074
0.653439
0.690476
0.600529
0.629630
0.682540
0.582011
0.481481
0.648148
0.574074
0.550265
0.616402
0.605820
0.600529
0.603175
-------
-------
*******
