0.843137
0.738562
0.614379
0.810458
0.771242
0.718954
0.699346
0.686275
0.666667
0.620915
0.705882
0.718954
0.692810
0.758170
0.718954
0.692810
0.633987
0.797386
0.764706
0.718954
0.784314
0.751634
0.692810
0.562092
0.836601
0.699346
0.751634
0.764706
0.653595
0.816993
0.732026
0.777778
0.673203
0.725490
0.718954
0.751634
0.686275
0.725490
0.718954
0.594771
0.633987
0.568627
0.784314
0.745098
0.797386
0.777778
0.725490
0.660131
0.751634
0.771242
0.705882
0.810458
0.712418
0.633987
0.509804
0.816993
0.797386
0.647059
0.758170
0.797386
0.771242
0.803922
0.555556
0.732026
0.777778
0.790850
0.738562
0.581699
0.738562
0.594771
0.777778
0.732026
0.738562
0.790850
0.718954
0.725490
0.732026
0.705882
0.790850
0.705882
0.751634
0.745098
0.810458
0.764706
0.803922
0.771242
0.790850
0.745098
0.575163
0.751634
0.535948
0.797386
0.712418
0.777778
0.673203
0.843137
0.751634
0.830065
0.836601
0.601307
0.712418
0.692810
0.686275
0.725490
0.660131
0.679739
0.732026
0.745098
0.614379
0.660131
0.725490
0.640523
0.535948
0.712418
0.777778
0.764706
0.705882
0.699346
0.718954
0.790850
0.764706
0.797386
0.764706
0.777778
0.653595
0.725490
0.718954
0.882353
0.745098
0.705882
0.660131
0.725490
0.764706
0.692810
0.686275
0.627451
0.771242
0.830065
0.614379
0.529412
0.718954
0.777778
0.692810
0.686275
0.810458
0.627451
0.790850
0.836601
0.771242
0.830065
0.758170
0.771242
0.732026
0.732026
0.712418
0.490196
0.705882
0.562092
0.666667
0.738562
0.764706
0.718954
0.640523
0.771242
0.660131
0.640523
0.679739
0.588235
0.751634
0.738562
0.797386
0.758170
0.705882
0.745098
0.803922
0.660131
0.771242
0.732026
0.699346
0.640523
0.797386
0.732026
0.718954
0.725490
0.771242
0.738562
0.647059
0.660131
0.679739
0.771242
0.758170
0.699346
0.732026
0.732026
0.673203
0.718954
0.660131
0.751634
0.758170
0.803922
0.823529
0.764706
0.725490
0.771242
0.758170
0.758170
0.705882
0.771242
0.758170
0.777778
0.771242
0.718954
0.679739
0.758170
0.679739
0.758170
0.725490
0.764706
0.620915
0.751634
0.790850
0.732026
0.816993
0.764706
0.673203
0.764706
0.633987
0.849673
0.764706
0.666667
0.568627
0.725490
0.751634
0.764706
0.777778
0.614379
0.797386
0.862745
0.790850
0.575163
0.738562
0.764706
0.692810
0.790850
0.686275
0.816993
0.836601
0.712418
0.777778
0.771242
0.666667
0.751634
0.823529
0.797386
0.810458
0.816993
0.594771
0.653595
0.620915
0.777778
0.718954
0.496732
0.725490
0.692810
0.653595
0.725490
0.764706
0.797386
0.705882
0.686275
0.797386
0.862745
0.758170
0.725490
0.666667
0.490196
0.738562
0.692810
0.679739
0.705882
0.692810
0.758170
0.522876
0.712418
0.777778
0.673203
0.790850
0.692810
0.705882
0.588235
0.810458
0.777778
0.588235
0.803922
0.745098
0.718954
0.705882
0.810458
0.777778
0.457516
0.732026
0.718954
0.738562
0.823529
0.856209
0.725490
0.738562
0.732026
0.627451
0.614379
0.712418
0.633987
0.647059
0.797386
0.771242
0.738562
0.627451
0.562092
0.666667
0.810458
0.758170
0.725490
0.803922
0.784314
0.673203
0.692810
0.764706
0.797386
0.784314
0.588235
0.705882
0.660131
0.712418
0.797386
0.751634
0.751634
0.718954
0.777778
0.836601
0.640523
0.771242
0.692810
0.830065
0.549020
0.771242
0.725490
0.784314
0.797386
0.764706
0.699346
0.692810
0.699346
0.653595
0.450980
0.477124
0.836601
0.732026
0.764706
0.712418
0.712418
0.686275
0.810458
0.686275
0.679739
0.784314
0.843137
0.718954
0.823529
0.699346
0.758170
0.718954
0.738562
0.692810
0.777778
0.751634
0.686275
0.673203
0.732026
0.653595
0.705882
0.823529
0.777778
0.810458
0.738562
0.712418
0.464052
0.660131
0.660131
0.751634
0.647059
0.686275
0.751634
0.777778
0.725490
0.666667
0.771242
0.764706
0.647059
0.732026
0.758170
0.790850
0.745098
0.666667
0.686275
0.771242
0.745098
0.666667
0.699346
0.816993
0.823529
0.673203
0.816993
0.777778
0.758170
0.660131
0.562092
0.660131
0.633987
0.542484
0.686275
0.627451
0.725490
0.797386
0.699346
0.745098
0.699346
0.803922
0.705882
0.627451
0.653595
0.699346
0.653595
0.738562
0.725490
0.732026
0.718954
0.738562
0.751634
0.732026
0.784314
0.777778
0.718954
0.823529
0.673203
0.732026
0.718954
0.810458
0.673203
0.777778
0.797386
0.633987
0.718954
0.588235
0.718954
0.784314
0.745098
0.673203
0.725490
0.777778
0.745098
0.718954
0.751634
0.496732
0.745098
0.633987
0.712418
0.797386
0.771242
0.751634
0.758170
0.705882
0.679739
0.607843
0.777778
0.758170
0.738562
0.686275
0.699346
0.816993
0.640523
0.549020
0.738562
0.666667
0.758170
0.738562
0.633987
0.562092
0.725490
0.816993
0.745098
0.758170
0.666667
0.745098
0.627451
0.699346
0.712418
0.777778
0.692810
0.751634
0.830065
0.673203
0.470588
0.823529
0.705882
0.777778
0.771242
0.836601
0.771242
0.705882
0.568627
0.640523
0.758170
0.653595
0.692810
0.686275
0.725490
0.699346
0.862745
0.686275
0.679739
0.777778
0.764706
0.797386
0.797386
0.705882
0.790850
0.699346
0.764706
0.725490
0.679739
0.725490
0.588235
0.705882
0.823529
0.771242
0.718954
0.810458
0.751634
0.692810
0.647059
0.823529
0.718954
0.718954
0.771242
0.771242
0.797386
0.764706
0.732026
0.503268
0.758170
0.705882
0.816993
0.771242
0.732026
0.653595
0.810458
0.620915
0.751634
0.673203
0.594771
0.745098
0.686275
0.790850
0.712418
0.647059
0.725490
0.738562
0.718954
0.614379
0.679739
0.653595
0.738562
0.823529
0.679739
0.718954
0.666667
0.738562
0.771242
0.790850
0.607843
0.777778
0.699346
0.653595
0.745098
0.647059
0.784314
0.712418
0.790850
0.758170
0.679739
0.431373
0.535948
0.732026
0.620915
0.745098
0.705882
0.627451
0.725490
0.764706
0.784314
0.777778
0.823529
0.692810
0.751634
0.686275
0.679739
0.784314
0.797386
0.666667
0.679739
0.607843
0.823529
0.699346
0.823529
0.771242
0.777778
0.653595
0.764706
0.758170
0.745098
0.718954
0.803922
0.614379
0.647059
0.633987
0.732026
0.758170
0.575163
0.790850
0.549020
0.758170
0.738562
0.627451
0.705882
0.712418
0.686275
0.444444
0.705882
0.758170
0.660131
0.718954
0.581699
0.692810
0.790850
0.620915
0.732026
0.725490
0.718954
0.725490
0.718954
0.673203
0.712418
0.745098
0.516340
0.758170
0.751634
0.718954
0.849673
0.751634
0.738562
0.758170
0.764706
0.764706
0.705882
0.686275
0.751634
0.464052
0.627451
0.692810
0.705882
0.686275
0.699346
0.594771
0.869281
0.686275
0.758170
0.692810
0.679739
0.483660
0.647059
0.692810
0.797386
0.732026
0.679739
0.614379
0.712418
0.738562
0.803922
0.725490
0.810458
0.764706
0.699346
0.725490
0.738562
0.647059
0.816993
0.666667
0.633987
0.777778
0.836601
0.816993
0.627451
0.738562
0.816993
0.686275
0.758170
0.601307
0.738562
0.725490
0.738562
0.745098
0.666667
0.516340
0.790850
0.758170
0.718954
0.725490
0.732026
0.660131
0.751634
0.810458
0.627451
0.745098
0.725490
0.679739
0.751634
0.542484
0.692810
0.732026
0.712418
0.758170
0.607843
0.640523
0.790850
0.790850
0.751634
0.503268
0.745098
0.790850
0.653595
0.562092
0.790850
0.673203
0.784314
0.816993
0.797386
0.758170
0.718954
0.705882
0.732026
0.686275
0.725490
0.712418
0.614379
0.797386
0.777778
0.640523
0.738562
0.627451
0.784314
0.666667
0.777778
0.751634
0.692810
0.784314
0.692810
0.568627
0.725490
0.790850
0.705882
0.810458
0.751634
0.653595
0.836601
0.562092
0.718954
0.699346
0.699346
0.784314
0.575163
0.620915
0.601307
0.640523
0.738562
0.594771
0.764706
0.797386
0.712418
0.816993
0.673203
0.686275
0.705882
0.745098
0.620915
0.666667
0.777778
0.751634
0.666667
0.594771
0.633987
0.457516
0.830065
0.777778
0.627451
0.640523
0.790850
0.758170
0.686275
0.764706
0.803922
0.732026
0.797386
0.712418
0.771242
0.745098
0.738562
0.777778
0.699346
0.725490
0.830065
0.777778
0.758170
0.692810
0.732026
0.777778
0.810458
0.588235
0.647059
0.712418
0.790850
0.705882
0.790850
0.660131
0.771242
0.862745
0.712418
0.692810
0.751634
0.660131
0.764706
0.751634
0.810458
0.790850
0.758170
0.777778
0.581699
0.647059
0.640523
0.758170
0.764706
0.712418
0.725490
0.568627
0.718954
0.699346
0.751634
0.738562
0.679739
0.679739
0.633987
0.620915
0.679739
0.810458
0.856209
0.666667
0.601307
0.745098
0.686275
0.810458
0.751634
0.816993
0.751634
0.614379
0.575163
0.712418
0.732026
0.732026
0.751634
0.705882
0.764706
0.725490
0.666667
0.692810
0.699346
0.777778
0.745098
0.777778
0.712418
0.607843
0.660131
0.718954
0.803922
0.712418
0.686275
0.758170
0.764706
0.679739
0.673203
0.738562
0.594771
0.810458
0.771242
0.614379
0.732026
0.771242
0.568627
0.679739
0.784314
0.686275
0.790850
0.607843
0.777778
0.607843
0.653595
0.653595
0.679739
0.830065
0.594771
0.764706
0.758170
0.764706
0.732026
0.745098
0.718954
0.758170
0.594771
0.712418
0.790850
0.647059
0.758170
0.777778
0.692810
0.699346
0.745098
0.712418
0.764706
0.738562
0.614379
0.679739
0.581699
0.496732
0.771242
0.784314
0.712418
0.732026
0.758170
0.653595
0.627451
0.712418
0.764706
0.718954
0.771242
0.758170
0.712418
0.718954
0.732026
0.705882
0.790850
0.725490
0.712418
0.620915
0.705882
0.738562
0.686275
0.797386
0.594771
0.699346
0.797386
0.712418
0.555556
0.686275
0.718954
0.869281
0.771242
0.686275
0.803922
0.810458
0.764706
0.751634
0.666667
0.568627
0.745098
0.699346
0.718954
0.738562
0.653595
0.581699
0.712418
0.509804
0.790850
0.575163
0.666667
0.823529
0.686275
0.712418
0.758170
0.686275
0.640523
0.790850
0.771242
-------
-------
*******
