0.628307
0.558201
0.603175
0.580688
0.644180
0.623016
0.608466
0.731481
0.571429
0.620370
0.518519
0.603175
0.662698
0.603175
0.661376
0.509259
0.605820
0.620370
0.637566
0.600529
0.609788
0.712963
0.570106
0.570106
0.637566
0.529101
0.675926
0.555556
0.608466
0.611111
0.652116
0.596561
0.613757
0.515873
0.595238
0.588624
0.544974
0.653439
0.629630
0.593915
0.640212
0.625661
0.638889
0.628307
0.539683
0.529101
0.574074
0.633598
0.551587
0.596561
0.563492
0.579365
0.666667
0.575397
0.548942
0.591270
0.550265
0.593915
0.649471
0.677249
0.517196
0.460317
0.564815
0.625661
0.629630
0.588624
0.638889
0.621693
0.585979
0.615079
0.575397
0.603175
0.609788
0.551587
0.543651
0.562169
0.617725
0.497354
0.576720
0.666667
0.630952
0.558201
0.496032
0.595238
0.593915
0.646825
0.514550
0.488095
0.644180
0.579365
0.563492
0.588624
0.568783
0.539683
0.628307
0.555556
0.597884
0.564815
0.661376
0.619048
0.582011
0.543651
0.662698
0.589947
0.583333
0.686508
0.546296
0.644180
0.625661
0.604497
0.558201
0.642857
0.560847
0.576720
0.563492
0.626984
0.624339
0.513228
0.658730
0.468254
0.458995
0.546296
0.566138
0.607143
0.518519
0.640212
0.558201
0.699735
0.658730
0.636243
0.615079
0.578042
0.552910
0.582011
0.541005
0.664021
0.599206
0.580688
0.617725
0.670635
0.597884
0.630952
0.613757
0.535714
0.563492
0.607143
0.564815
0.570106
0.593915
0.562169
0.564815
0.591270
0.670635
0.583333
0.574074
0.485450
0.640212
0.681217
0.579365
0.603175
0.558201
0.494709
0.619048
0.588624
0.603175
0.592593
0.488095
0.597884
0.611111
0.632275
0.657407
0.697090
0.556878
0.574074
0.592593
0.585979
0.619048
0.646825
0.575397
0.519841
0.548942
0.619048
0.579365
0.656085
0.566138
0.478836
0.630952
0.681217
0.600529
0.589947
0.607143
0.637566
0.658730
0.603175
0.653439
0.611111
0.562169
0.608466
0.654762
0.689153
0.546296
0.541005
0.619048
0.538360
0.626984
0.596561
0.608466
0.579365
0.649471
0.514550
0.625661
0.587302
0.572751
0.578042
0.600529
0.667989
0.563492
0.513228
0.580688
0.609788
0.629630
0.592593
0.556878
0.596561
0.591270
0.597884
0.589947
0.596561
0.625661
0.608466
0.474868
0.600529
0.531746
0.585979
0.571429
0.612434
0.576720
0.513228
0.601852
0.547619
0.621693
0.625661
0.547619
0.564815
0.612434
0.466931
0.626984
0.644180
0.542328
0.584656
0.595238
0.588624
0.599206
0.617725
0.605820
0.558201
0.634921
0.584656
0.570106
0.616402
0.510582
0.601852
0.619048
0.539683
0.588624
0.572751
0.535714
0.599206
0.562169
0.605820
0.735450
0.583333
0.558201
0.542328
0.518519
0.564815
0.607143
0.652116
0.551587
0.608466
0.550265
0.514550
0.678571
0.603175
0.636243
0.620370
0.593915
0.492063
0.625661
0.552910
0.615079
0.576720
0.587302
0.592593
0.641534
0.638889
0.537037
0.541005
0.623016
0.579365
0.615079
0.686508
0.625661
0.633598
0.575397
0.641534
0.605820
0.526455
0.623016
0.608466
0.638889
0.596561
0.513228
0.591270
0.634921
0.604497
0.624339
0.600529
0.600529
0.576720
0.642857
0.656085
0.640212
0.592593
0.575397
0.619048
0.609788
0.597884
0.575397
0.555556
0.490741
0.535714
0.638889
0.666667
0.611111
0.650794
0.530423
0.637566
0.546296
0.611111
0.544974
0.572751
0.625661
0.564815
0.612434
0.539683
0.564815
0.591270
0.505291
0.554233
0.574074
0.669312
0.574074
0.551587
0.574074
0.623016
0.644180
0.637566
0.566138
0.575397
0.621693
0.597884
0.572751
0.517196
0.648148
0.488095
0.544974
0.592593
0.601852
0.574074
0.582011
0.601852
0.604497
0.523810
0.600529
0.624339
0.539683
0.596561
0.585979
0.595238
0.576720
0.609788
0.595238
0.596561
0.579365
0.617725
0.623016
0.595238
0.584656
0.579365
0.599206
0.641534
0.626984
0.608466
0.669312
0.546296
0.506614
0.593915
0.582011
0.609788
0.564815
0.564815
0.572751
0.575397
0.556878
0.530423
0.607143
0.513228
0.544974
0.624339
0.633598
0.593915
0.641534
0.533069
0.644180
0.623016
0.533069
0.612434
0.617725
0.615079
0.574074
0.612434
0.650794
0.582011
0.558201
0.599206
0.572751
0.623016
0.554233
0.550265
0.582011
0.596561
0.600529
0.550265
0.554233
0.675926
0.599206
0.502646
0.514550
0.546296
0.675926
0.585979
0.640212
0.551587
0.648148
0.493386
0.645503
0.550265
0.551587
0.636243
0.649471
0.587302
0.564815
0.624339
0.580688
0.665344
0.623016
0.567460
0.654762
0.664021
0.654762
0.542328
0.533069
0.554233
0.514550
0.484127
0.645503
0.657407
0.654762
0.563492
0.605820
0.592593
0.529101
0.595238
0.661376
0.641534
0.578042
0.612434
0.566138
0.589947
0.511905
0.664021
0.544974
0.572751
0.530423
0.644180
0.568783
0.707672
0.591270
0.617725
0.621693
0.658730
0.574074
0.626984
0.567460
0.630952
0.509259
0.563492
0.578042
0.710317
0.559524
0.629630
0.648148
0.522487
0.570106
0.662698
0.621693
0.641534
0.544974
0.515873
0.608466
0.574074
0.556878
0.636243
0.609788
0.609788
0.646825
0.620370
0.572751
0.559524
0.576720
0.583333
0.626984
0.612434
0.630952
0.646825
0.626984
0.620370
0.646825
0.593915
0.562169
0.502646
0.593915
0.599206
0.670635
0.522487
0.576720
0.634921
0.560847
0.589947
0.563492
0.597884
0.650794
0.632275
0.595238
0.562169
0.616402
0.666667
0.660053
0.600529
0.681217
0.515873
0.571429
0.556878
0.582011
0.572751
0.591270
0.674603
0.615079
0.599206
0.580688
0.604497
0.559524
0.539683
0.613757
0.556878
0.661376
0.547619
0.612434
0.543651
0.633598
0.609788
0.698413
0.640212
0.596561
0.624339
0.600529
0.611111
0.595238
0.697090
0.637566
0.605820
0.567460
0.543651
0.620370
0.624339
0.560847
0.640212
0.563492
0.579365
0.535714
0.544974
0.632275
0.571429
0.666667
0.551587
0.626984
0.613757
0.578042
0.603175
0.574074
0.660053
0.620370
0.582011
0.563492
0.591270
0.620370
0.601852
0.637566
0.578042
0.568783
0.579365
0.580688
0.529101
0.642857
0.599206
0.617725
0.589947
0.585979
0.613757
0.634921
0.566138
0.633598
0.555556
0.645503
0.539683
0.660053
0.580688
0.604497
0.667989
0.588624
0.619048
0.571429
0.628307
0.644180
0.511905
0.546296
0.568783
0.439153
0.578042
0.462963
0.567460
0.601852
0.649471
0.634921
0.645503
0.628307
0.633598
0.579365
0.599206
0.612434
0.593915
0.576720
0.513228
0.494709
0.551587
0.571429
0.597884
0.535714
0.609788
0.601852
0.580688
0.626984
0.591270
0.609788
0.570106
0.652116
0.640212
0.526455
0.623016
0.677249
0.547619
0.608466
0.638889
0.623016
0.543651
0.534392
0.464286
0.664021
0.600529
0.615079
0.620370
0.584656
0.585979
0.584656
0.641534
0.605820
0.611111
0.638889
0.503968
0.578042
0.617725
0.632275
0.568783
0.619048
0.656085
0.605820
0.476190
0.609788
0.588624
0.534392
0.648148
0.613757
0.596561
0.597884
0.515873
0.584656
0.607143
0.621693
0.468254
0.612434
0.542328
0.630952
0.637566
0.612434
0.609788
0.547619
0.558201
0.533069
0.624339
0.599206
0.638889
0.552910
0.588624
0.629630
0.563492
0.621693
0.506614
0.629630
0.644180
0.605820
0.552910
0.667989
0.525132
0.576720
0.623016
0.624339
0.601852
0.570106
0.575397
0.608466
0.546296
0.662698
0.615079
0.613757
0.673280
0.608466
0.579365
0.601852
0.613757
0.562169
0.644180
0.642857
0.600529
0.583333
0.706349
0.654762
0.666667
0.589947
0.578042
0.580688
0.608466
0.654762
0.584656
0.571429
0.525132
0.742063
0.556878
0.607143
0.641534
0.641534
0.623016
0.613757
0.563492
0.619048
0.612434
0.605820
0.609788
0.638889
0.539683
0.579365
0.634921
0.544974
0.661376
0.529101
0.539683
0.624339
0.619048
0.595238
0.638889
0.535714
0.558201
0.597884
0.571429
0.579365
0.589947
0.640212
0.638889
0.640212
0.596561
0.591270
0.608466
0.550265
0.521164
0.629630
0.603175
0.589947
0.636243
0.634921
0.572751
0.582011
0.530423
0.555556
0.625661
0.628307
0.571429
0.541005
0.604497
0.626984
0.624339
0.580688
0.493386
0.560847
0.628307
0.650794
0.670635
0.624339
0.645503
0.580688
0.563492
0.609788
0.644180
0.559524
0.576720
0.616402
0.593915
0.650794
0.580688
0.597884
0.667989
0.637566
0.584656
0.584656
0.629630
0.679894
0.654762
0.531746
0.551587
0.664021
0.658730
0.642857
0.600529
0.630952
0.646825
0.637566
0.626984
0.571429
0.572751
0.558201
0.587302
0.551587
0.507937
0.611111
0.580688
0.563492
0.628307
0.638889
0.611111
0.607143
0.525132
0.637566
0.582011
0.556878
0.552910
0.507937
0.595238
0.593915
0.560847
0.506614
0.547619
0.612434
0.628307
0.642857
0.584656
0.628307
0.578042
0.611111
0.641534
0.583333
0.658730
0.641534
0.552910
0.658730
0.543651
0.564815
0.541005
0.519841
0.674603
0.538360
0.641534
0.531746
0.551587
0.694444
0.599206
0.534392
0.640212
0.609788
0.628307
0.563492
0.522487
0.535714
0.552910
0.616402
0.570106
0.564815
0.600529
0.571429
0.596561
0.593915
0.585979
0.575397
0.630952
0.578042
0.570106
0.570106
0.600529
0.583333
0.578042
0.567460
0.603175
0.712963
0.630952
0.690476
0.628307
0.623016
0.582011
0.554233
0.558201
0.665344
0.570106
0.706349
0.654762
0.640212
0.578042
0.624339
0.451058
0.544974
0.641534
0.628307
0.634921
0.623016
0.575397
0.597884
0.501323
0.681217
0.608466
0.608466
0.534392
0.619048
0.607143
0.531746
0.567460
0.675926
0.599206
0.570106
0.633598
0.449735
0.715608
0.660053
0.591270
0.596561
0.550265
0.555556
0.585979
0.612434
0.629630
0.653439
0.510582
0.567460
0.646825
0.546296
0.580688
0.509259
0.609788
0.547619
0.568783
0.529101
0.601852
0.641534
0.612434
0.552910
0.550265
0.608466
0.518519
0.527778
0.555556
0.568783
0.582011
0.649471
0.579365
-------
-------
*******
