0.788468
0.749189
0.784865
0.795315
0.788468
0.749550
0.726126
0.760360
0.802523
0.801802
0.781622
0.734775
0.774775
0.771532
0.815135
0.744505
0.737297
0.728288
0.809009
0.805045
0.739820
0.748829
0.819459
0.807928
0.756396
0.725045
0.775135
0.820901
0.740180
0.768288
0.796396
0.778018
0.786306
0.735856
0.761441
0.769730
0.784144
0.769369
0.775856
0.764324
0.827748
0.803243
0.762883
0.766126
0.787748
0.793514
0.773333
0.792432
0.774054
0.756396
0.771532
0.779459
0.833874
0.796757
0.811892
0.755676
0.783784
0.654414
0.773694
0.800000
0.787027
0.752072
0.781261
0.765766
0.709910
0.779820
0.798198
0.808649
0.736216
0.760721
0.802883
0.820541
0.784144
0.771171
0.718198
0.780180
0.751712
0.804685
0.808288
0.801441
0.726126
0.747027
0.786306
0.768649
0.810811
0.802523
0.803243
0.781982
0.785946
0.780901
0.769730
0.763964
0.816577
0.789910
0.814414
0.749189
0.763604
0.790631
0.781622
0.773694
0.672793
0.815495
0.789910
0.756757
0.802883
0.755676
0.778018
0.764324
0.765766
0.779820
0.743063
0.779459
0.787748
0.739820
0.752432
0.754595
0.753874
0.800000
0.767568
0.785225
0.763243
0.814414
0.762883
0.771892
0.745586
0.814414
0.731892
0.747387
0.787027
0.778739
0.775135
0.782342
0.752072
0.835676
0.783784
0.759279
0.796757
0.815856
0.782703
0.744865
0.767207
0.795676
0.796036
0.813694
0.750991
0.800721
0.748468
0.805045
0.798559
0.732252
0.778018
0.786306
0.729730
0.761802
0.781622
0.772252
0.800000
0.812973
0.791712
0.757838
0.750991
0.792793
0.755315
0.778739
0.770811
0.758919
0.763964
0.820541
0.758559
0.792432
0.788108
0.784865
0.783423
0.778018
0.778018
0.774775
0.727928
0.796036
0.721441
0.818378
0.765045
0.751351
0.800721
0.771532
0.784865
0.798198
0.770090
0.755676
0.771171
0.778378
0.775856
0.823784
0.756036
0.798559
0.785946
0.740901
0.798198
0.769009
0.800360
0.795315
0.825586
0.716757
0.765405
0.744144
0.760000
0.748108
0.764324
0.748829
0.786667
0.749910
0.748468
0.779459
0.762883
0.762883
0.772252
0.834595
0.760000
0.762883
0.778018
0.767928
0.794234
0.816937
0.769009
0.744144
0.775495
0.713153
0.767568
0.769730
0.797477
0.760000
0.797477
0.819820
0.785225
0.823423
0.815135
0.788829
0.752793
0.805045
0.816937
0.756036
0.790270
0.790991
0.754595
0.771171
0.807568
0.771532
0.745946
0.807568
0.792432
0.743423
0.777658
0.793514
0.786667
0.735856
0.787387
0.796396
0.768288
0.769369
0.752432
0.800721
0.758559
0.724685
0.755315
0.746306
0.761441
0.734775
0.774775
0.753153
0.770090
0.749550
0.681441
0.802883
0.777297
0.790631
0.775856
0.781622
0.764324
0.759279
0.776577
0.783063
0.778018
0.792432
0.803964
0.819459
0.784865
0.793153
0.840000
0.786667
0.779820
0.769369
0.807207
0.701622
0.811171
0.806486
0.794595
0.776577
0.739820
0.785946
0.784144
0.751712
0.782703
0.802162
0.735495
0.811532
0.772252
0.768288
0.754234
0.792793
0.790631
0.783063
0.732252
0.807568
0.764685
0.781261
0.756757
0.799640
0.792072
0.805766
0.803964
0.762162
0.754955
0.827748
0.765766
0.762523
0.781261
0.790631
0.737297
0.767207
0.746306
0.805766
0.748468
0.811532
0.776577
0.754955
0.779459
0.787027
0.841441
0.761802
0.733333
0.777658
0.766847
0.774054
0.784865
0.792432
0.766847
0.801441
0.781982
0.783784
0.780541
0.769369
0.774414
0.779820
0.760000
0.756396
0.762523
0.798919
0.830631
0.797838
0.750991
0.757477
0.759640
0.787387
0.775495
0.752432
0.776216
0.808649
0.743063
0.820901
0.762523
0.788829
0.817297
0.744865
0.756757
0.782703
0.775135
0.821982
0.738378
0.820541
0.831712
0.797838
0.749550
0.799640
0.784865
0.716036
0.794595
0.804324
0.787748
0.774775
0.772973
0.807568
0.780901
0.798919
0.781982
0.786667
0.790991
0.794234
0.741982
0.742703
0.728288
0.744144
0.744505
0.805045
0.779820
0.698739
0.786306
0.774775
0.827027
0.784505
0.779099
0.788108
0.725766
0.780901
0.788108
0.767568
0.787387
0.766847
0.785946
0.779099
0.787027
0.775495
0.815856
0.769369
0.778378
0.792793
0.742703
0.770811
0.775495
0.780901
0.773694
0.784505
0.788829
0.760360
0.798919
0.791351
0.809369
0.759279
0.781982
0.771532
0.774054
0.750631
0.741622
0.770811
0.762523
0.790631
0.797477
0.774054
0.771532
0.796036
0.745225
0.812613
0.741261
0.822342
0.732973
0.782703
0.781261
0.788829
0.779820
0.798919
0.823784
0.814054
0.784144
0.752072
0.766486
0.716757
0.749910
0.785946
0.739099
0.775495
0.751712
0.773694
0.767928
0.753514
0.798919
0.772973
0.804685
0.777658
0.762162
0.798198
0.754955
0.767568
0.788108
0.770811
0.689009
0.818378
0.799279
0.804685
0.803243
0.775856
0.754595
0.810090
0.776216
0.704144
0.824505
0.732973
0.767207
0.768288
0.765045
0.823784
0.760360
0.799640
0.727928
0.744505
0.787387
0.747027
0.750631
0.807928
0.785586
0.790631
0.792072
0.764685
0.767568
0.760360
0.763964
0.756036
0.781261
0.754955
0.761441
0.827027
0.790270
0.763964
0.746306
0.757838
0.776216
0.761441
0.728649
0.780541
0.768649
0.769369
0.780541
0.781261
0.769009
0.807207
0.792793
0.780180
0.758198
0.774775
0.810090
0.769009
0.789910
0.772252
0.727928
0.802883
0.819820
0.780901
0.783063
0.766486
0.771171
0.744144
0.793874
0.763604
0.735856
0.798198
0.796036
0.788108
0.793153
0.790270
0.754955
0.797477
0.795315
0.791351
0.719640
0.789910
0.748468
0.773333
0.815856
0.763604
0.756757
0.795676
0.809730
0.765766
0.765405
0.803604
0.749189
0.772252
0.785946
0.765045
0.749910
0.788108
0.827748
0.794595
0.717117
0.771892
0.786306
0.794955
0.762523
0.775856
0.797117
0.816577
0.737658
0.779459
0.784505
0.799640
0.762162
0.771892
0.769730
0.823063
0.794595
0.778018
0.750631
0.772252
0.797477
0.774414
0.749550
0.778378
0.769009
0.779820
0.785225
0.790270
0.794595
0.793514
0.803964
0.806847
0.745586
0.783063
0.749189
0.774054
0.804324
0.786306
0.767568
0.623784
0.827748
0.738378
0.788468
0.768288
0.789910
0.788108
0.802883
0.763243
0.762523
0.803243
0.819099
0.789189
0.758198
0.796036
0.810811
0.797838
0.789189
0.791712
0.788468
0.787027
0.811892
0.795676
0.811171
0.737658
0.784865
0.744505
0.801802
0.788468
0.780901
0.758919
0.758198
0.778018
0.726126
0.780541
0.741622
0.805766
0.771171
0.750631
0.785586
0.780901
0.793874
0.770450
0.818378
0.758198
0.821982
0.761441
0.813694
0.842883
0.801802
0.779099
0.749550
0.824865
0.751712
0.743784
0.738018
0.780180
0.804685
0.796757
0.767568
0.793153
0.810450
0.772252
0.765045
0.811171
0.788468
0.780541
0.775135
0.738378
0.785225
0.790631
0.769009
0.769730
0.778378
0.810090
0.761441
0.816216
0.788468
0.772973
0.807207
0.776937
0.809730
0.762162
0.767928
0.832432
0.740180
0.783063
0.793514
0.774054
0.820180
0.731892
0.747748
0.798919
0.753514
0.790991
0.754955
0.801802
0.789550
0.785586
0.750991
0.786306
0.787748
0.758559
0.757477
0.766126
0.772252
0.811892
0.793514
0.776216
0.776577
0.790270
0.766126
0.760360
0.732252
0.819459
0.787027
0.776937
0.764324
0.790270
0.779820
0.800721
0.756036
0.797477
0.784505
0.777658
0.793153
0.776937
0.775495
0.779820
0.800360
0.767207
0.797838
0.811892
0.798559
0.772252
0.795676
0.787387
0.738378
0.772252
0.765766
0.712072
0.800000
0.814414
0.785225
0.788108
0.842523
0.812613
0.778018
0.816216
0.793514
0.791712
0.780901
0.803964
0.761441
0.834595
0.788108
0.815495
0.780541
0.801802
0.761081
0.787027
0.777658
0.756396
0.806126
0.772973
0.790991
0.794234
0.784865
0.761802
0.750631
0.792432
0.803604
0.781622
0.780541
0.754595
0.767207
0.734054
0.809009
0.760000
0.774775
0.792793
0.812252
0.805045
0.790991
0.792793
0.782703
0.764685
0.741982
0.781982
0.798198
0.773333
0.730811
0.791712
0.780180
0.787748
0.832432
0.778739
0.763964
0.784505
0.750991
0.801081
0.804685
0.790991
0.800000
0.773333
0.753514
0.775856
0.769730
0.796036
0.800721
0.743063
0.772613
0.744865
0.745946
0.769009
0.788468
0.783784
0.794595
0.743063
0.752432
0.801081
0.765405
0.780541
0.745225
0.789910
0.781622
0.767207
0.724324
0.761081
0.752432
0.752072
0.782703
0.813333
0.817297
0.753153
0.758198
0.781261
0.752793
0.798198
0.778378
0.776216
0.750631
0.793514
0.788829
0.765405
0.721802
0.765405
0.772973
0.778018
0.785586
0.814054
0.766126
0.779099
0.774775
0.783784
0.813333
0.803964
0.757838
0.783063
0.808288
0.807928
0.797838
0.807568
0.736937
0.790631
0.747748
0.789910
0.777658
0.760360
0.769369
0.741261
0.779099
0.779099
0.766847
0.766847
0.771532
0.748829
0.739099
0.765405
0.796036
0.805045
0.756036
0.783784
0.762883
0.759279
0.786667
0.818018
0.752793
0.818378
0.754595
0.805405
0.815135
0.784865
0.726847
0.778378
0.776937
0.758559
0.779459
0.787748
0.747027
0.804324
0.765405
0.770811
0.785586
0.813694
0.774414
0.787387
0.789550
0.775495
0.808288
0.744144
0.714595
0.799279
0.641802
0.747748
0.769730
0.781622
0.805045
0.772973
0.741622
0.728288
0.758559
0.776937
0.781261
0.769009
0.765405
0.779459
0.776216
0.756396
0.834595
0.776216
0.803604
0.782342
0.796036
0.767928
0.763243
0.770450
0.731892
0.752072
0.754234
0.756036
0.769009
0.809009
0.780541
0.767928
0.791351
0.803243
0.751351
0.773333
0.757838
0.780180
0.774414
0.733333
0.756036
0.783063
0.793874
0.743063
0.739459
0.776216
0.741622
0.741622
0.760721
0.744144
0.783423
0.769369
0.805766
0.788829
0.766847
0.785946
0.763604
0.759279
0.784505
0.808288
0.739820
0.753153
0.841802
0.832793
0.794955
0.776216
0.760360
0.766486
-------
-------
*******
