0.773874
0.776216
0.758919
0.780360
0.781982
0.740901
0.781081
0.771351
0.761441
0.770450
0.752252
0.788108
0.809730
0.784865
0.774054
0.747027
0.764865
0.761982
0.783243
0.811712
0.764324
0.771351
0.758739
0.812973
0.743423
0.755315
0.780541
0.709009
0.783964
0.780541
0.779640
0.771532
0.746667
0.740541
0.748288
0.773514
0.777838
0.774414
0.765405
0.771892
0.797658
0.788108
0.749369
0.747027
0.795135
0.780901
0.772072
0.739820
0.805586
0.761441
0.776937
0.797477
0.766667
0.717838
0.793514
0.767928
0.725766
0.781622
0.766126
0.752613
0.716577
0.785586
0.771351
0.746486
0.785766
0.777477
0.763243
0.773694
0.734775
0.816937
0.775856
0.718018
0.751892
0.774414
0.789730
0.789189
0.758919
0.752973
0.762342
0.742162
0.773153
0.785405
0.765946
0.776757
0.787387
0.764324
0.746486
0.790090
0.798198
0.761982
0.748108
0.753333
0.768288
0.758559
0.796937
0.770270
0.810270
0.772793
0.787748
0.795495
0.796757
0.757477
0.792973
0.729369
0.767027
0.786306
0.712973
0.768108
0.765225
0.731892
0.770450
0.780180
0.785225
0.749550
0.727207
0.777658
0.772973
0.787027
0.776036
0.763243
0.774414
0.781982
0.801982
0.800180
0.808108
0.772973
0.734054
0.752973
0.816577
0.754595
0.797297
0.777477
0.758739
0.754595
0.769910
0.800721
0.767748
0.773333
0.751712
0.776937
0.769369
0.738739
0.740901
0.761802
0.797838
0.772613
0.749730
0.771712
0.750631
0.772252
0.767748
0.769730
0.782162
0.776216
0.768288
0.812793
0.766486
0.764144
0.769189
0.752252
0.774955
0.763243
0.793514
0.754234
0.770991
0.767928
0.763604
0.743063
0.761441
0.774234
0.785586
0.775495
0.802162
0.783964
0.775856
0.754414
0.770090
0.708468
0.793514
0.741081
0.773874
0.768468
0.735135
0.798559
0.769189
0.747928
0.772252
0.739820
0.753694
0.801081
0.749369
0.766847
0.751892
0.801622
0.785405
0.787928
0.799459
0.763063
0.739099
0.761622
0.743243
0.738919
0.750270
0.794234
0.770631
0.773694
0.774054
0.767027
0.782523
0.754595
0.793694
0.804685
0.743784
0.784505
0.747207
0.772072
0.743964
0.740360
0.743604
0.777297
0.788468
0.788468
0.759459
0.785946
0.744865
0.742883
0.770631
0.771171
0.796757
0.786306
0.774775
0.697117
0.782523
0.759459
0.781982
0.794054
0.794955
0.748829
0.781261
0.749009
0.755135
0.765405
0.764685
0.771892
0.742523
0.755856
0.766486
0.740180
0.785766
0.762342
0.778559
0.784144
0.785045
0.747207
0.773333
0.778559
0.770450
0.750270
0.742342
0.795495
0.776396
0.774775
0.763604
0.789189
0.797838
0.763964
0.759459
0.762883
0.761802
0.801802
0.768829
0.744865
0.780360
0.728649
0.762342
0.823423
0.750090
0.784685
0.785225
0.756577
0.778198
0.784144
0.738198
0.772072
0.759099
0.787748
0.771712
0.769009
0.754414
0.792793
0.761441
0.780180
0.781802
0.801802
0.738018
0.782523
0.800721
0.770991
0.762162
0.762883
0.792432
0.781081
0.760541
0.763063
0.792613
0.787568
0.767568
0.783964
0.742883
0.748288
0.779279
0.798378
0.771532
0.777838
0.737477
0.781441
0.787387
0.770450
0.780901
0.734054
0.769550
0.787207
0.751712
0.759099
0.757658
0.767568
0.744505
0.760901
0.762162
0.774775
0.754955
0.747387
0.781081
0.769730
0.746486
0.789369
0.798018
0.776036
0.788649
0.763604
0.765225
0.759459
0.782523
0.763063
0.778919
0.789009
0.810090
0.756577
0.820000
0.764144
0.772613
0.788829
0.761261
0.740180
0.776036
0.774775
0.776757
0.732793
0.745766
0.772793
0.751351
0.762703
0.770450
0.801622
0.769910
0.761081
0.780000
0.753874
0.762523
0.786306
0.804685
0.771171
0.757117
0.754054
0.756937
0.788288
0.767387
0.809910
0.772973
0.764144
0.716757
0.790090
0.777117
0.789009
0.778919
0.759099
0.796577
0.769910
0.749369
0.775856
0.753694
0.740360
0.740360
0.778198
0.752613
0.755495
0.771351
0.778378
0.812613
0.781982
0.790090
0.768649
0.781081
0.762883
0.757838
0.757477
0.752613
0.753514
0.766306
0.776036
0.757477
0.808468
0.774414
0.781081
0.772432
0.738739
0.757658
0.761982
0.770270
0.787928
0.763063
0.782342
0.786847
0.769369
0.774414
0.733153
0.798919
0.805405
0.750270
0.769009
0.794414
0.765225
0.761802
0.811532
0.790270
0.771892
0.737658
0.800180
0.760180
0.753874
0.772252
0.781802
0.795495
0.781622
0.754775
0.759099
0.715495
0.752613
0.766667
0.771171
0.804324
0.778559
0.744324
0.778739
0.784144
0.773514
0.782523
0.742883
0.791171
0.756577
0.786126
0.735856
0.783423
0.754054
0.765405
0.773333
0.749550
0.768288
0.776757
0.772072
0.779640
0.793333
0.789009
0.789910
0.740360
0.772793
0.781441
0.810090
0.760000
0.778198
0.807207
0.798378
0.795135
0.791712
0.753514
0.743423
0.780000
0.742523
0.753874
0.780541
0.766486
0.754955
0.771892
0.796396
0.789730
0.743243
0.756036
0.772072
0.751171
0.740360
0.806847
0.759279
0.746306
0.755135
0.766847
0.760721
0.761982
0.773333
0.775315
0.778739
0.733153
0.794414
0.769550
0.765946
0.770090
0.764324
0.771351
0.784865
0.776036
0.767928
0.761261
0.802523
0.788468
0.761081
0.746486
0.800000
0.755676
0.765045
0.774234
0.765766
0.791892
0.781441
0.809369
0.819640
0.754955
0.749730
0.755676
0.771171
0.759640
0.771892
0.774234
0.782342
0.759820
0.758018
0.756937
0.756036
0.749730
0.771712
0.773874
0.801622
0.775135
0.790090
0.770270
0.776937
0.766306
0.770631
0.767568
0.751532
0.770811
0.769009
0.732973
0.788108
0.801622
0.775676
0.780541
0.784144
0.787207
0.766486
0.775135
0.735495
0.770450
0.760360
0.744865
0.772613
0.758559
0.785045
0.797117
0.788829
0.738919
0.802162
0.804865
0.780721
0.769730
0.785405
0.795676
0.803964
0.743964
0.775495
0.764865
0.796757
0.783604
0.773514
0.773333
0.777117
0.794595
0.740721
0.768288
0.758198
0.780721
0.762523
0.780000
0.786847
0.781982
0.788649
0.786126
0.753874
0.747027
0.759640
0.759279
0.789730
0.792973
0.751171
0.780360
0.757477
0.767928
0.737297
0.762523
0.806486
0.769189
0.811351
0.790270
0.752613
0.812613
0.758559
0.751171
0.781802
0.758378
0.763423
0.762883
0.764865
0.791892
0.745766
0.769369
0.778378
0.770811
0.794414
0.775856
0.787748
0.784865
0.764324
0.767748
0.755135
0.797297
0.778378
0.795315
0.780180
0.743423
0.742703
0.794054
0.761622
0.741441
0.733514
0.739279
0.790631
0.784324
0.783604
0.772072
0.782883
0.769730
0.786126
0.782342
0.768649
0.745405
0.776216
0.795135
0.767568
0.738559
0.778198
0.800901
0.738739
0.754054
0.777297
0.817117
0.772432
0.767748
0.784865
0.749730
0.789189
0.762883
0.765225
0.800000
0.803964
0.796937
0.769189
0.762703
0.789550
0.776036
0.769369
0.785766
0.763784
0.752793
0.783063
0.772973
0.794234
0.811712
0.798919
0.781261
0.772432
0.768829
0.774955
0.769189
0.774054
0.766847
0.776396
0.780000
0.746847
0.680541
0.811351
0.764865
0.779820
0.767027
0.759099
0.766306
0.709910
0.777117
0.778559
0.737477
0.770631
0.771351
0.801802
0.761982
0.774775
0.772793
0.766126
0.771351
0.799640
0.783784
0.789550
0.782703
0.739459
0.780721
0.789550
0.788468
0.772793
0.790270
0.773874
0.833153
0.776216
0.783423
0.765225
0.714775
0.786486
0.767568
0.754414
0.792613
0.797477
0.791171
0.798378
0.771712
0.788468
0.790631
0.756577
0.790270
0.781802
0.775495
0.771892
0.817658
0.763243
0.795495
0.790270
0.769369
0.733153
0.782883
0.773694
0.767748
0.787207
0.779820
0.777117
0.761441
0.754775
0.771532
0.773514
0.800360
0.784685
0.758919
0.784505
0.788288
0.812432
0.785405
0.744505
0.766486
0.741982
0.787027
0.808649
0.752613
0.742342
0.775315
0.767027
0.775495
0.759279
0.728829
0.776937
0.787748
0.724685
0.729550
0.769550
0.787207
0.748829
0.818739
0.786306
0.795135
0.785946
0.770450
0.763243
0.770450
0.817297
0.780180
0.807387
0.797838
0.758739
0.781261
0.785586
0.775676
0.799279
0.806126
0.712252
0.775856
0.776216
0.713153
0.819459
0.769009
0.771351
0.741441
0.753874
0.779820
0.801802
0.764865
0.736216
0.778919
0.783784
0.766306
0.795856
0.731892
0.800360
0.762883
0.773333
0.791892
0.778018
0.761622
0.770991
0.782523
0.756216
0.759279
0.772973
0.769369
0.774234
0.761261
0.808288
0.731532
0.763964
0.772432
0.773874
0.797297
0.781622
0.781441
0.792613
0.777117
0.764144
0.763243
0.762342
0.799640
0.787928
0.770991
0.763784
0.793694
0.699820
0.767928
0.765586
0.758559
0.811892
0.788829
0.768108
0.789910
0.759099
0.789369
0.773333
0.780541
0.769189
0.774234
0.762162
0.771171
0.774414
0.785586
0.762883
0.776937
0.779820
0.726486
0.764685
0.764505
0.790450
0.767027
0.732252
0.782703
0.729009
0.766847
0.759640
0.733874
0.762703
0.779820
0.783063
0.751532
0.791892
0.792072
0.785766
0.767207
0.731712
0.756396
0.791892
0.729550
0.781081
0.773514
0.778559
0.770631
0.801261
0.768829
0.786847
0.803063
0.790090
0.805045
0.793153
0.745946
0.797297
0.776937
0.786126
0.770991
0.754955
0.822523
0.724865
0.767387
0.795856
0.773333
0.782883
0.750631
0.783063
0.820541
0.801802
0.775315
0.759279
0.779820
0.779099
0.737658
0.784685
0.775315
0.771171
0.774234
0.778739
0.781081
0.806306
0.795676
0.738018
0.773694
0.757477
0.738919
0.773694
0.769369
0.760541
0.796577
0.763423
0.747387
0.756757
0.740360
0.760360
0.784144
0.796396
0.740180
0.767928
0.758559
0.771712
0.778919
0.756036
0.789009
0.776396
0.776396
0.771532
0.789910
0.751892
0.750450
0.810991
0.805225
0.747387
0.784324
0.777838
0.780000
0.793694
0.766306
0.791892
0.780541
0.773153
0.784324
0.754955
0.752072
0.786667
0.765766
0.759640
0.792793
0.756396
0.775315
0.762162
0.761802
0.810090
-------
-------
*******
