0.714286
0.752381
0.642857
0.657143
0.728571
0.742857
0.657143
0.685714
0.614286
0.623810
0.738095
0.533333
0.680952
0.695238
0.666667
0.580952
0.685714
0.666667
0.604762
0.628571
0.609524
0.647619
0.742857
0.638095
0.642857
0.695238
0.757143
0.657143
0.690476
0.661905
0.685714
0.561905
0.600000
0.666667
0.723810
0.714286
0.761905
0.728571
0.704762
0.666667
0.733333
0.723810
0.676190
0.819048
0.485714
0.600000
0.733333
0.666667
0.757143
0.638095
0.704762
0.742857
0.585714
0.685714
0.695238
0.661905
0.709524
0.723810
0.480952
0.780952
0.533333
0.561905
0.647619
0.685714
0.561905
0.723810
0.638095
0.652381
0.719048
0.733333
0.771429
0.561905
0.666667
0.700000
0.671429
0.690476
0.666667
0.504762
0.723810
0.733333
0.780952
0.704762
0.685714
0.647619
0.666667
0.657143
0.738095
0.700000
0.761905
0.590476
0.609524
0.752381
0.661905
0.742857
0.671429
0.542857
0.661905
0.580952
0.666667
0.695238
0.623810
0.723810
0.747619
0.571429
0.638095
0.666667
0.619048
0.714286
0.714286
0.742857
0.671429
0.690476
0.619048
0.695238
0.709524
0.700000
0.704762
0.733333
0.685714
0.638095
0.609524
0.723810
0.666667
0.590476
0.723810
0.652381
0.742857
0.757143
0.695238
0.695238
0.738095
0.723810
0.747619
0.661905
0.733333
0.719048
0.685714
0.600000
0.676190
0.761905
0.795238
0.761905
0.709524
0.690476
0.600000
0.566667
0.666667
0.614286
0.685714
0.666667
0.723810
0.790476
0.657143
0.661905
0.747619
0.738095
0.719048
0.680952
0.809524
0.704762
0.742857
0.690476
0.671429
0.628571
0.647619
0.609524
0.609524
0.647619
0.785714
0.580952
0.795238
0.647619
0.742857
0.647619
0.723810
0.733333
0.652381
0.566667
0.695238
0.628571
0.657143
0.685714
0.538095
0.728571
0.633333
0.661905
0.623810
0.661905
0.747619
0.733333
0.633333
0.685714
0.695238
0.666667
0.585714
0.609524
0.676190
0.523810
0.695238
0.733333
0.538095
0.728571
0.671429
0.561905
0.780952
0.676190
0.723810
0.676190
0.609524
0.638095
0.733333
0.776190
0.719048
0.685714
0.680952
0.723810
0.695238
0.700000
0.642857
0.666667
0.680952
0.685714
0.628571
0.652381
0.709524
0.709524
0.666667
0.761905
0.723810
0.733333
0.676190
0.561905
0.714286
0.652381
0.780952
0.666667
0.690476
0.657143
0.652381
0.628571
0.580952
0.680952
0.661905
0.733333
0.657143
0.633333
0.761905
0.633333
0.633333
0.471429
0.695238
0.642857
0.676190
0.657143
0.642857
0.666667
0.714286
0.690476
0.638095
0.723810
0.771429
0.633333
0.604762
0.561905
0.590476
0.628571
0.676190
0.814286
0.652381
0.685714
0.719048
0.723810
0.714286
0.542857
0.585714
0.600000
0.714286
0.495238
0.609524
0.647619
0.619048
0.604762
0.700000
0.771429
0.647619
0.614286
0.700000
0.685714
0.666667
0.704762
0.733333
0.709524
0.647619
0.657143
0.695238
0.671429
0.757143
0.638095
0.619048
0.723810
0.709524
0.609524
0.685714
0.666667
0.704762
0.704762
0.571429
0.685714
0.700000
0.642857
0.619048
0.657143
0.590476
0.623810
0.723810
0.761905
0.647619
0.666667
0.642857
0.661905
0.619048
0.780952
0.709524
0.780952
0.547619
0.585714
0.752381
0.657143
0.647619
0.752381
0.580952
0.700000
0.723810
0.657143
0.695238
0.676190
0.680952
0.619048
0.733333
0.633333
0.704762
0.652381
0.728571
0.700000
0.504762
0.657143
0.704762
0.628571
0.642857
0.704762
0.785714
0.695238
0.676190
0.709524
0.666667
0.647619
0.585714
0.680952
0.742857
0.619048
0.761905
0.657143
0.704762
0.709524
0.690476
0.647619
0.642857
0.661905
0.580952
0.657143
0.700000
0.676190
0.633333
0.723810
0.609524
0.752381
0.742857
0.666667
0.757143
0.504762
0.490476
0.752381
0.704762
0.676190
0.771429
0.609524
0.733333
0.714286
0.671429
0.680952
0.704762
0.690476
0.657143
0.752381
0.752381
0.647619
0.671429
0.752381
0.671429
0.609524
0.657143
0.709524
0.614286
0.733333
0.719048
0.795238
0.719048
0.652381
0.700000
0.695238
0.657143
0.580952
0.742857
0.690476
0.600000
0.723810
0.742857
0.647619
0.676190
0.552381
0.704762
0.566667
0.619048
0.633333
0.695238
0.714286
0.680952
0.695238
0.695238
0.657143
0.695238
0.723810
0.700000
0.690476
0.561905
0.633333
0.738095
0.595238
0.666667
0.638095
0.628571
0.671429
0.500000
0.647619
0.752381
0.676190
0.633333
0.671429
0.704762
0.561905
0.600000
0.728571
0.685714
0.628571
0.700000
0.709524
0.738095
0.542857
0.647619
0.642857
0.666667
0.733333
0.647619
0.685714
0.609524
0.704762
0.733333
0.666667
0.661905
0.685714
0.809524
0.657143
0.690476
0.671429
0.561905
0.647619
0.490476
0.680952
0.685714
0.742857
0.604762
0.704762
0.733333
0.647619
0.680952
0.585714
0.695238
0.695238
0.652381
0.761905
0.685714
0.628571
0.685714
0.695238
0.666667
0.771429
0.690476
0.628571
0.714286
0.690476
0.657143
0.733333
0.642857
0.580952
0.628571
0.647619
0.723810
0.780952
0.619048
0.709524
0.647619
0.652381
0.642857
0.714286
0.657143
0.671429
0.747619
0.676190
0.657143
0.700000
0.661905
0.704762
0.609524
0.628571
0.676190
0.685714
0.638095
0.628571
0.676190
0.671429
0.719048
0.676190
0.590476
0.676190
0.733333
0.680952
0.709524
0.776190
0.742857
0.657143
0.752381
0.733333
0.714286
0.714286
0.690476
0.700000
0.614286
0.704762
0.709524
0.652381
0.709524
0.704762
0.609524
0.661905
0.690476
0.723810
0.666667
0.752381
0.671429
0.642857
0.766667
0.733333
0.733333
0.719048
0.657143
0.676190
0.661905
0.519048
0.619048
0.633333
0.676190
0.695238
0.638095
0.785714
0.619048
0.557143
0.661905
0.714286
0.671429
0.676190
0.676190
0.752381
0.700000
0.609524
0.647619
0.661905
0.676190
0.738095
0.723810
0.595238
0.671429
0.519048
0.666667
0.638095
0.809524
0.804762
0.790476
0.680952
0.619048
0.690476
0.680952
0.600000
0.676190
0.623810
0.742857
0.652381
0.595238
0.680952
0.638095
0.661905
0.609524
0.638095
0.628571
0.771429
0.685714
0.661905
0.633333
0.742857
0.638095
0.695238
0.761905
0.700000
0.628571
0.714286
0.671429
0.695238
0.733333
0.628571
0.700000
0.752381
0.695238
0.742857
0.714286
0.633333
0.742857
0.680952
0.728571
0.685714
0.671429
0.666667
0.733333
0.576190
0.442857
0.628571
0.704762
0.685714
0.661905
0.719048
0.700000
0.404762
0.657143
0.666667
0.685714
0.642857
0.728571
0.657143
0.647619
0.752381
0.676190
0.609524
0.728571
0.666667
0.652381
0.676190
0.661905
0.695238
0.733333
0.657143
0.576190
0.633333
0.742857
0.704762
0.671429
0.657143
0.580952
0.723810
0.514286
0.733333
0.671429
0.695238
0.652381
0.652381
0.714286
0.623810
0.723810
0.704762
0.752381
0.690476
0.657143
0.790476
0.666667
0.714286
0.695238
0.580952
0.657143
0.766667
0.695238
0.676190
0.580952
0.557143
0.719048
0.585714
0.719048
0.614286
0.709524
0.728571
0.661905
0.685714
0.714286
0.623810
0.619048
0.723810
0.666667
0.714286
0.700000
0.647619
0.690476
0.533333
0.709524
0.752381
0.657143
0.723810
0.509524
0.628571
0.652381
0.761905
0.657143
0.709524
0.690476
0.685714
0.757143
0.761905
0.728571
0.719048
0.719048
0.742857
0.695238
0.719048
0.571429
0.638095
0.733333
0.666667
0.771429
0.633333
0.785714
0.704762
0.733333
0.685714
0.657143
0.704762
0.671429
0.676190
0.733333
0.671429
0.752381
0.685714
0.661905
0.609524
0.695238
0.666667
0.695238
0.728571
0.747619
0.600000
0.633333
0.719048
0.566667
0.638095
0.628571
0.690476
0.604762
0.604762
0.761905
0.685714
0.647619
0.723810
0.771429
0.685714
0.723810
0.647619
0.504762
0.666667
0.609524
0.752381
0.623810
0.676190
0.680952
0.614286
0.566667
0.580952
0.690476
0.714286
0.700000
0.590476
0.728571
0.690476
0.566667
0.476190
0.704762
0.666667
0.528571
0.609524
0.666667
0.685714
0.733333
0.747619
0.638095
0.695238
0.728571
0.714286
0.595238
0.704762
0.771429
0.723810
0.638095
0.714286
0.476190
0.700000
0.733333
0.761905
0.614286
0.761905
0.733333
0.723810
0.647619
0.785714
0.785714
0.771429
0.666667
0.709524
0.600000
0.719048
0.657143
0.647619
0.814286
0.647619
0.633333
0.576190
0.657143
0.623810
0.676190
0.700000
0.628571
0.657143
0.704762
0.695238
0.552381
0.828571
0.690476
0.700000
0.785714
0.709524
0.742857
0.733333
0.533333
0.733333
0.676190
0.700000
0.695238
0.590476
0.638095
0.609524
0.704762
0.690476
0.638095
0.757143
0.752381
0.628571
0.752381
0.723810
0.719048
0.723810
0.628571
0.690476
0.671429
0.695238
0.633333
0.714286
0.576190
0.657143
0.566667
0.661905
0.657143
0.723810
0.642857
0.623810
0.738095
0.652381
0.680952
0.676190
0.709524
0.719048
0.452381
0.680952
0.552381
0.514286
0.671429
0.661905
0.685714
0.690476
0.666667
0.652381
0.647619
0.661905
0.676190
0.519048
0.695238
0.728571
0.676190
0.619048
0.771429
0.628571
0.647619
0.761905
0.714286
0.795238
0.700000
0.657143
0.709524
0.761905
0.652381
0.771429
0.733333
0.714286
0.633333
0.766667
0.552381
0.819048
0.738095
0.738095
0.738095
0.676190
0.661905
0.704762
0.685714
0.742857
0.714286
0.742857
0.728571
0.600000
0.728571
0.709524
0.676190
0.657143
0.780952
0.666667
0.566667
0.704762
0.676190
0.590476
0.766667
0.576190
0.690476
0.657143
0.719048
0.676190
0.747619
0.661905
0.790476
0.614286
0.657143
0.633333
0.761905
0.747619
0.728571
0.580952
0.723810
0.785714
0.619048
0.695238
0.666667
0.700000
0.666667
0.514286
0.652381
0.623810
0.638095
0.714286
0.690476
0.676190
0.652381
0.657143
0.742857
0.571429
0.666667
0.666667
0.671429
0.676190
0.719048
0.700000
0.619048
0.633333
0.676190
0.700000
0.676190
0.719048
0.752381
0.733333
0.604762
0.671429
-------
-------
*******
