0.871921
0.820197
0.876847
0.857143
0.844828
0.891626
0.815271
0.874384
0.891626
0.869458
0.822660
0.847291
0.810345
0.862069
0.859606
0.839901
0.852217
0.859606
0.842365
0.839901
0.862069
0.847291
0.847291
0.825123
0.876847
0.859606
0.832512
0.847291
0.839901
0.817734
0.844828
0.896552
0.812808
0.871921
0.874384
0.862069
0.879310
0.876847
0.886700
0.899015
0.869458
0.864532
0.881773
0.866995
0.866995
0.876847
0.884236
0.847291
0.871921
0.842365
0.854680
0.857143
0.876847
0.896552
0.852217
0.876847
0.864532
0.866995
0.923645
0.810345
0.849754
0.874384
0.874384
0.874384
0.871921
0.834975
0.864532
0.889163
0.889163
0.864532
0.879310
0.884236
0.859606
0.894089
0.849754
0.876847
0.859606
0.876847
0.871921
0.862069
0.817734
0.876847
0.844828
0.879310
0.859606
0.862069
0.805419
0.876847
0.849754
0.859606
0.862069
0.837438
0.859606
0.871921
0.852217
0.874384
0.854680
0.862069
0.834975
0.827586
0.884236
0.859606
0.837438
0.884236
0.886700
0.864532
0.874384
0.839901
0.820197
0.859606
0.896552
0.866995
0.852217
0.847291
0.869458
0.847291
0.869458
0.881773
0.827586
0.837438
0.822660
0.857143
0.802956
0.871921
0.884236
0.827586
0.869458
0.839901
0.790640
0.849754
0.802956
0.859606
0.884236
0.815271
0.815271
0.834975
0.874384
0.825123
0.889163
0.864532
0.866995
0.842365
0.864532
0.871921
0.844828
0.847291
0.869458
0.827586
0.874384
0.847291
0.847291
0.859606
0.884236
0.857143
0.830049
0.832512
0.911330
0.820197
0.857143
0.879310
0.827586
0.859606
0.857143
0.876847
0.857143
0.842365
0.830049
0.891626
0.820197
0.871921
0.866995
0.795567
0.837438
0.830049
0.866995
0.857143
0.857143
0.864532
0.834975
0.854680
0.842365
0.820197
0.857143
0.839901
0.815271
0.817734
0.859606
0.889163
0.881773
0.854680
0.864532
0.830049
0.874384
0.852217
0.881773
0.852217
0.812808
0.842365
0.859606
0.896552
0.894089
0.871921
0.891626
0.876847
0.825123
0.834975
0.834975
0.869458
0.834975
0.884236
0.896552
0.862069
0.820197
0.854680
0.894089
0.908867
0.916256
0.879310
0.862069
0.815271
0.825123
0.832512
0.874384
0.812808
0.857143
0.874384
0.847291
0.874384
0.857143
0.842365
0.815271
0.815271
0.842365
0.798030
0.854680
0.854680
0.849754
0.832512
0.881773
0.859606
0.842365
0.839901
0.871921
0.884236
0.849754
0.884236
0.827586
0.788177
0.876847
0.854680
0.913793
0.842365
0.812808
0.834975
0.815271
0.832512
0.871921
0.849754
0.871921
0.793103
0.874384
0.834975
0.862069
0.906404
0.839901
0.830049
0.886700
0.655172
0.844828
0.812808
0.874384
0.874384
0.864532
0.866995
0.886700
0.849754
0.884236
0.866995
0.827586
0.884236
0.852217
0.869458
0.839901
0.864532
0.857143
0.906404
0.884236
0.881773
0.608374
0.854680
0.802956
0.822660
0.871921
0.879310
0.852217
0.837438
0.866995
0.844828
0.859606
0.820197
0.896552
0.881773
0.879310
0.899015
0.820197
0.866995
0.842365
0.884236
0.825123
0.825123
0.839901
0.839901
0.812808
0.852217
0.842365
0.842365
0.874384
0.857143
0.839901
0.832512
0.871921
0.864532
0.807882
0.876847
0.852217
0.864532
0.869458
0.844828
0.864532
0.857143
0.839901
0.839901
0.874384
0.881773
0.881773
0.857143
0.866995
0.874384
0.847291
0.852217
0.894089
0.837438
0.862069
0.807882
0.857143
0.857143
0.847291
0.842365
0.862069
0.822660
0.901478
0.830049
0.876847
0.876847
0.891626
0.842365
0.869458
0.857143
0.862069
0.834975
0.842365
0.834975
0.881773
0.852217
0.815271
0.916256
0.849754
0.871921
0.884236
0.866995
0.859606
0.859606
0.896552
0.854680
0.852217
0.864532
0.871921
0.871921
0.876847
0.884236
0.834975
0.852217
0.837438
0.834975
0.879310
0.864532
0.630542
0.857143
0.842365
0.864532
0.881773
0.844828
0.881773
0.839901
0.931034
0.839901
0.889163
0.864532
0.906404
0.862069
0.847291
0.894089
0.849754
0.879310
0.862069
0.844828
0.832512
0.866995
0.891626
0.857143
0.891626
0.854680
0.862069
0.903941
0.817734
0.854680
0.857143
0.862069
0.864532
0.795567
0.916256
0.827586
0.871921
0.881773
0.871921
0.857143
0.857143
0.857143
0.852217
0.844828
0.854680
0.847291
0.859606
0.899015
0.842365
0.847291
0.874384
0.881773
0.839901
0.817734
0.857143
0.876847
0.876847
0.839901
0.908867
0.832512
0.862069
0.901478
0.817734
0.839901
0.857143
0.825123
0.810345
0.827586
0.842365
0.874384
0.822660
0.899015
0.839901
0.854680
0.827586
0.812808
0.834975
0.886700
0.847291
0.864532
0.889163
0.820197
0.881773
0.854680
0.886700
0.854680
0.827586
0.859606
0.812808
0.889163
0.866995
0.859606
0.874384
0.869458
0.857143
0.894089
0.854680
0.857143
0.852217
0.810345
0.886700
0.879310
0.844828
0.859606
0.837438
0.847291
0.859606
0.807882
0.871921
0.830049
0.854680
0.844828
0.812808
0.827586
0.825123
0.864532
0.857143
0.844828
0.889163
0.874384
0.864532
0.793103
0.881773
0.876847
0.879310
0.871921
0.825123
0.834975
0.862069
0.886700
0.859606
0.847291
0.854680
0.874384
0.852217
0.827586
0.881773
0.842365
0.820197
0.876847
0.862069
0.839901
0.869458
0.852217
0.810345
0.862069
0.847291
0.847291
0.827586
0.857143
0.837438
0.832512
0.884236
0.793103
0.805419
0.847291
0.876847
0.837438
0.847291
0.834975
0.876847
0.903941
0.881773
0.852217
0.847291
0.830049
0.827586
0.866995
0.830049
0.852217
0.871921
0.896552
0.852217
0.876847
0.820197
0.864532
0.889163
0.849754
0.859606
0.847291
0.849754
0.876847
0.854680
0.866995
0.837438
0.886700
0.864532
0.832512
0.889163
0.879310
0.896552
0.852217
0.879310
0.889163
0.834975
0.807882
0.869458
0.849754
0.849754
0.884236
0.891626
0.906404
0.837438
0.862069
0.817734
0.874384
0.889163
0.876847
0.903941
0.869458
0.866995
0.832512
0.837438
0.849754
0.862069
0.866995
0.847291
0.839901
0.884236
0.832512
0.876847
0.881773
0.820197
0.884236
0.866995
0.820197
0.862069
0.820197
0.817734
0.859606
0.876847
0.837438
0.852217
0.852217
0.842365
0.817734
0.849754
0.857143
0.844828
0.832512
0.830049
0.839901
0.854680
0.866995
0.862069
0.857143
0.825123
0.889163
0.891626
0.854680
0.832512
0.832512
0.857143
0.830049
0.894089
0.879310
0.859606
0.864532
0.839901
0.839901
0.854680
0.820197
0.876847
0.889163
0.891626
0.886700
0.889163
0.837438
0.839901
0.852217
0.874384
0.852217
0.874384
0.876847
0.842365
0.869458
0.839901
0.879310
0.871921
0.899015
0.901478
0.842365
0.834975
0.866995
0.852217
0.849754
0.879310
0.906404
0.901478
0.943350
0.842365
0.862069
0.886700
0.830049
0.866995
0.827586
0.896552
0.820197
0.874384
0.837438
0.854680
0.859606
0.876847
0.827586
0.822660
0.852217
0.832512
0.866995
0.854680
0.876847
0.862069
0.864532
0.857143
0.869458
0.864532
0.886700
0.896552
0.842365
0.805419
0.842365
0.847291
0.805419
0.903941
0.783251
0.896552
0.876847
0.815271
0.894089
0.886700
0.842365
0.854680
0.891626
0.866995
0.862069
0.886700
0.869458
0.862069
0.854680
0.871921
0.832512
0.849754
0.884236
0.876847
0.822660
0.879310
0.820197
0.884236
0.874384
0.605911
0.886700
0.834975
0.889163
0.834975
0.889163
0.857143
0.889163
0.847291
0.866995
0.844828
0.844828
0.871921
0.864532
0.825123
0.857143
0.879310
0.805419
0.842365
0.862069
0.874384
0.866995
0.839901
0.827586
0.854680
0.901478
0.832512
0.879310
0.832512
0.916256
0.889163
0.884236
0.899015
0.864532
0.832512
0.825123
0.834975
0.847291
0.847291
0.859606
0.891626
0.866995
0.847291
0.903941
0.852217
0.866995
0.879310
0.834975
0.889163
0.864532
0.832512
0.876847
0.817734
0.825123
0.869458
0.827586
0.839901
0.871921
0.899015
0.842365
0.847291
0.857143
0.869458
0.822660
0.886700
0.894089
0.864532
0.847291
0.859606
0.871921
0.827586
0.839901
0.834975
0.830049
0.864532
0.849754
0.842365
0.854680
0.849754
0.864532
0.842365
0.847291
0.894089
0.837438
0.839901
0.825123
0.869458
0.820197
0.866995
0.832512
0.857143
0.899015
0.812808
0.866995
0.857143
0.849754
0.849754
0.827586
0.903941
0.899015
0.834975
0.844828
0.891626
0.859606
0.886700
0.837438
0.886700
0.886700
0.913793
0.839901
0.815271
0.849754
0.913793
0.859606
0.876847
0.844828
0.854680
0.869458
0.869458
0.869458
0.837438
0.857143
0.866995
0.913793
0.830049
0.889163
0.849754
0.901478
0.879310
0.866995
0.866995
0.862069
0.822660
0.859606
0.830049
0.874384
0.864532
0.812808
0.862069
0.869458
0.839901
0.879310
0.891626
0.874384
0.862069
0.886700
0.869458
0.815271
0.854680
0.869458
0.862069
0.889163
0.901478
0.834975
0.830049
0.832512
0.812808
0.896552
0.857143
0.837438
0.884236
0.857143
0.795567
0.832512
0.862069
0.864532
0.891626
0.859606
0.874384
0.889163
0.827586
0.839901
0.894089
0.916256
0.822660
0.884236
0.839901
0.857143
0.874384
0.785714
0.874384
0.866995
0.866995
0.881773
0.881773
0.830049
0.822660
0.849754
0.847291
0.889163
0.869458
0.864532
0.854680
0.854680
0.852217
0.854680
0.866995
0.874384
0.874384
0.842365
0.876847
0.849754
0.852217
0.837438
0.891626
0.827586
0.854680
0.862069
0.854680
0.807882
0.884236
0.869458
0.884236
0.839901
0.862069
0.906404
0.871921
0.866995
0.869458
0.884236
0.889163
0.864532
0.807882
0.862069
0.844828
0.862069
0.830049
0.876847
0.884236
0.884236
0.862069
0.830049
0.896552
0.884236
0.805419
0.859606
0.830049
0.849754
0.871921
0.783251
0.859606
0.827586
0.901478
0.896552
0.866995
0.847291
0.884236
0.926108
0.864532
0.844828
0.687192
0.842365
0.864532
0.881773
0.839901
0.859606
0.862069
0.857143
0.807882
0.862069
0.849754
0.876847
0.881773
0.854680
0.847291
0.879310
-------
-------
*******
