0.742754
0.659420
0.525362
0.666667
0.735507
0.702899
0.619565
0.692029
0.673913
0.710145
0.673913
0.673913
0.739130
0.503623
0.601449
0.692029
0.663043
0.644928
0.630435
0.673913
0.615942
0.750000
0.688406
0.735507
0.663043
0.717391
0.644928
0.568841
0.702899
0.626812
0.655797
0.695652
0.713768
0.717391
0.666667
0.597826
0.724638
0.760870
0.717391
0.789855
0.594203
0.735507
0.619565
0.677536
0.565217
0.739130
0.717391
0.670290
0.608696
0.637681
0.659420
0.684783
0.673913
0.641304
0.688406
0.659420
0.644928
0.666667
0.670290
0.663043
0.485507
0.630435
0.699275
0.706522
0.699275
0.739130
0.608696
0.673913
0.721014
0.717391
0.670290
0.615942
0.655797
0.594203
0.641304
0.702899
0.684783
0.655797
0.695652
0.663043
0.605072
0.644928
0.670290
0.644928
0.677536
0.673913
0.688406
0.637681
0.688406
0.739130
0.677536
0.753623
0.666667
0.739130
0.503623
0.601449
0.663043
0.416667
0.713768
0.742754
0.666667
0.739130
0.742754
0.612319
0.710145
0.728261
0.724638
0.695652
0.641304
0.652174
0.775362
0.688406
0.684783
0.666667
0.655797
0.655797
0.713768
0.702899
0.739130
0.452899
0.666667
0.677536
0.601449
0.597826
0.724638
0.702899
0.677536
0.735507
0.583333
0.702899
0.677536
0.699275
0.663043
0.630435
0.713768
0.731884
0.742754
0.615942
0.746377
0.460145
0.702899
0.724638
0.677536
0.717391
0.746377
0.615942
0.681159
0.673913
0.670290
0.739130
0.659420
0.706522
0.463768
0.608696
0.677536
0.637681
0.652174
0.659420
0.764493
0.728261
0.684783
0.735507
0.648551
0.677536
0.706522
0.692029
0.648551
0.681159
0.721014
0.692029
0.721014
0.601449
0.688406
0.699275
0.717391
0.721014
0.721014
0.684783
0.641304
0.728261
0.648551
0.692029
0.565217
0.652174
0.528986
0.713768
0.670290
0.702899
0.543478
0.644928
0.688406
0.637681
0.688406
0.684783
0.684783
0.586957
0.742754
0.659420
0.706522
0.644928
0.489130
0.702899
0.739130
0.677536
0.681159
0.579710
0.565217
0.681159
0.735507
0.670290
0.702899
0.663043
0.681159
0.721014
0.644928
0.699275
0.623188
0.699275
0.713768
0.695652
0.659420
0.713768
0.670290
0.615942
0.663043
0.615942
0.681159
0.695652
0.677536
0.742754
0.586957
0.641304
0.721014
0.681159
0.731884
0.728261
0.623188
0.721014
0.760870
0.721014
0.655797
0.648551
0.507246
0.775362
0.644928
0.771739
0.742754
0.688406
0.594203
0.623188
0.695652
0.688406
0.630435
0.695652
0.717391
0.699275
0.637681
0.684783
0.652174
0.728261
0.688406
0.648551
0.717391
0.641304
0.692029
0.684783
0.713768
0.536232
0.706522
0.710145
0.641304
0.630435
0.561594
0.677536
0.706522
0.695652
0.706522
0.750000
0.717391
0.706522
0.739130
0.684783
0.681159
0.619565
0.702899
0.605072
0.717391
0.525362
0.728261
0.590580
0.655797
0.659420
0.695652
0.739130
0.605072
0.710145
0.597826
0.666667
0.684783
0.615942
0.684783
0.586957
0.648551
0.670290
0.771739
0.626812
0.673913
0.688406
0.721014
0.699275
0.771739
0.753623
0.699275
0.673913
0.706522
0.648551
0.681159
0.702899
0.750000
0.626812
0.637681
0.670290
0.684783
0.594203
0.742754
0.619565
0.623188
0.681159
0.695652
0.724638
0.692029
0.681159
0.702899
0.670290
0.760870
0.710145
0.673913
0.721014
0.710145
0.742754
0.692029
0.706522
0.717391
0.706522
0.721014
0.695652
0.688406
0.659420
0.771739
0.713768
0.702899
0.594203
0.648551
0.547101
0.568841
0.655797
0.728261
0.637681
0.713768
0.731884
0.688406
0.684783
0.688406
0.666667
0.648551
0.557971
0.760870
0.644928
0.710145
0.568841
0.663043
0.583333
0.673913
0.742754
0.677536
0.684783
0.681159
0.681159
0.655797
0.699275
0.652174
0.666667
0.688406
0.648551
0.699275
0.532609
0.641304
0.757246
0.721014
0.692029
0.710145
0.670290
0.692029
0.677536
0.663043
0.634058
0.554348
0.793478
0.652174
0.692029
0.710145
0.648551
0.681159
0.692029
0.612319
0.695652
0.652174
0.652174
0.724638
0.724638
0.728261
0.681159
0.695652
0.612319
0.673913
0.630435
0.637681
0.692029
0.677536
0.699275
0.663043
0.677536
0.706522
0.706522
0.623188
0.768116
0.615942
0.684783
0.713768
0.677536
0.750000
0.684783
0.648551
0.721014
0.670290
0.670290
0.550725
0.710145
0.688406
0.710145
0.630435
0.710145
0.688406
0.655797
0.688406
0.644928
0.637681
0.699275
0.728261
0.789855
0.597826
0.721014
0.695652
0.644928
0.615942
0.670290
0.670290
0.630435
0.677536
0.692029
0.586957
0.699275
0.673913
0.702899
0.728261
0.670290
0.757246
0.721014
0.608696
0.681159
0.452899
0.713768
0.710145
0.579710
0.706522
0.735507
0.663043
0.601449
0.659420
0.702899
0.746377
0.699275
0.695652
0.608696
0.572464
0.652174
0.724638
0.717391
0.692029
0.706522
0.648551
0.601449
0.644928
0.663043
0.746377
0.663043
0.594203
0.634058
0.699275
0.652174
0.688406
0.659420
0.699275
0.670290
0.684783
0.753623
0.663043
0.706522
0.612319
0.699275
0.713768
0.742754
0.626812
0.659420
0.648551
0.688406
0.681159
0.626812
0.717391
0.677536
0.597826
0.681159
0.586957
0.605072
0.681159
0.728261
0.702899
0.666667
0.721014
0.619565
0.652174
0.655797
0.731884
0.677536
0.684783
0.572464
0.746377
0.778986
0.699275
0.637681
0.742754
0.670290
0.663043
0.655797
0.724638
0.702899
0.695652
0.590580
0.557971
0.706522
0.670290
0.670290
0.644928
0.688406
0.626812
0.692029
0.677536
0.641304
0.702899
0.699275
0.637681
0.684783
0.768116
0.717391
0.652174
0.510870
0.706522
0.634058
0.731884
0.695652
0.717391
0.652174
0.619565
0.663043
0.684783
0.695652
0.666667
0.742754
0.644928
0.706522
0.739130
0.688406
0.695652
0.648551
0.673913
0.586957
0.605072
0.677536
0.721014
0.525362
0.742754
0.583333
0.706522
0.742754
0.655797
0.677536
0.637681
0.644928
0.702899
0.706522
0.670290
0.681159
0.731884
0.637681
0.702899
0.728261
0.615942
0.681159
0.673913
0.699275
0.750000
0.710145
0.692029
0.652174
0.652174
0.681159
0.663043
0.728261
0.652174
0.710145
0.699275
0.699275
0.648551
0.681159
0.768116
0.688406
0.681159
0.724638
0.670290
0.557971
0.768116
0.782609
0.721014
0.655797
0.659420
0.623188
0.554348
0.684783
0.731884
0.634058
0.768116
0.659420
0.684783
0.673913
0.673913
0.717391
0.644928
0.641304
0.663043
0.721014
0.731884
0.659420
0.746377
0.677536
0.702899
0.695652
0.728261
0.688406
0.663043
0.655797
0.699275
0.652174
0.692029
0.681159
0.731884
0.659420
0.735507
0.699275
0.742754
0.688406
0.724638
0.750000
0.673913
0.677536
0.630435
0.630435
0.710145
0.757246
0.666667
0.739130
0.673913
0.753623
0.677536
0.666667
0.706522
0.739130
0.659420
0.706522
0.728261
0.670290
0.644928
0.652174
0.742754
0.652174
0.663043
0.688406
0.710145
0.677536
0.742754
0.663043
0.710145
0.655797
0.663043
0.692029
0.663043
0.655797
0.677536
0.590580
0.728261
0.663043
0.572464
0.721014
0.681159
0.601449
0.655797
0.666667
0.713768
0.637681
0.710145
0.659420
0.601449
0.659420
0.630435
0.695652
0.710145
0.663043
0.500000
0.583333
0.681159
0.699275
0.688406
0.793478
0.634058
0.619565
0.753623
0.688406
0.677536
0.695652
0.699275
0.695652
0.670290
0.699275
0.663043
0.673913
0.706522
0.536232
0.677536
0.713768
0.663043
0.764493
0.644928
0.695652
0.717391
0.721014
0.659420
0.597826
0.630435
0.565217
0.507246
0.717391
0.670290
0.677536
0.677536
0.648551
0.500000
0.684783
0.684783
0.742754
0.728261
0.601449
0.721014
0.717391
0.728261
0.728261
0.695652
0.641304
0.721014
0.717391
0.612319
0.641304
0.648551
0.677536
0.731884
0.692029
0.663043
0.655797
0.641304
0.739130
0.637681
0.692029
0.750000
0.681159
0.663043
0.673913
0.644928
0.739130
0.623188
0.699275
0.721014
0.521739
0.594203
0.565217
0.706522
0.702899
0.670290
0.659420
0.706522
0.673913
0.710145
0.710145
0.681159
0.702899
0.724638
0.681159
0.681159
0.695652
0.630435
0.742754
0.695652
0.768116
0.786232
0.757246
0.731884
0.731884
0.677536
0.677536
0.677536
0.644928
0.684783
0.663043
0.753623
0.699275
0.706522
0.634058
0.717391
0.637681
0.717391
0.717391
0.590580
0.724638
0.692029
0.735507
0.543478
0.702899
0.525362
0.652174
0.692029
0.706522
0.702899
0.644928
0.644928
0.713768
0.764493
0.681159
0.623188
0.710145
0.648551
0.717391
0.663043
0.644928
0.634058
0.583333
0.710145
0.630435
0.695652
0.713768
0.597826
0.652174
0.670290
0.663043
0.663043
0.681159
0.699275
0.728261
0.681159
0.681159
0.659420
0.652174
0.750000
0.644928
0.670290
0.630435
0.431159
0.663043
0.702899
0.670290
0.717391
0.655797
0.641304
0.387681
0.728261
0.757246
0.735507
0.644928
0.702899
0.644928
0.706522
0.666667
0.695652
0.713768
0.713768
0.641304
0.666667
0.731884
0.717391
0.637681
0.713768
0.695652
0.634058
0.663043
0.728261
0.702899
0.608696
0.507246
0.746377
0.692029
0.742754
0.702899
0.594203
0.684783
0.706522
0.637681
0.634058
0.565217
0.706522
0.713768
0.677536
0.695652
0.630435
0.659420
0.721014
0.731884
0.717391
0.626812
0.442029
0.702899
0.637681
0.692029
0.681159
0.757246
0.648551
0.630435
0.721014
0.677536
0.717391
0.760870
0.612319
0.760870
0.721014
0.717391
0.681159
0.702899
0.793478
0.760870
0.731884
0.750000
0.692029
0.673913
0.750000
0.699275
0.666667
0.648551
0.655797
0.702899
0.760870
0.663043
0.663043
0.681159
0.688406
0.659420
0.710145
0.699275
0.735507
0.655797
0.731884
0.677536
0.706522
0.724638
0.681159
0.670290
0.670290
0.684783
0.728261
0.673913
0.637681
0.652174
0.666667
0.688406
0.677536
0.684783
0.659420
0.728261
0.706522
0.644928
0.706522
0.721014
0.706522
0.702899
0.688406
0.721014
-------
-------
*******
