0.522727
0.409091
0.575758
0.507576
0.568182
0.371212
0.575758
0.507576
0.484848
0.537879
0.522727
0.318182
0.477273
0.492424
0.553030
0.545455
0.590909
0.507576
0.659091
0.401515
0.598485
0.469697
0.568182
0.568182
0.575758
0.560606
0.424242
0.401515
0.674242
0.575758
0.636364
0.598485
0.704545
0.575758
0.545455
0.575758
0.446970
0.553030
0.659091
0.651515
0.606061
0.500000
0.446970
0.477273
0.628788
0.522727
0.507576
0.621212
0.568182
0.674242
0.416667
0.537879
0.537879
0.537879
0.553030
0.515152
0.515152
0.522727
0.598485
0.621212
0.651515
0.575758
0.530303
0.575758
0.484848
0.606061
0.537879
0.590909
0.628788
0.560606
0.568182
0.659091
0.575758
0.446970
0.492424
0.409091
0.606061
0.553030
0.537879
0.462121
0.651515
0.507576
0.477273
0.606061
0.545455
0.484848
0.568182
0.568182
0.636364
0.674242
0.659091
0.545455
0.583333
0.409091
0.553030
0.537879
0.590909
0.583333
0.545455
0.363636
0.590909
0.515152
0.378788
0.477273
0.500000
0.628788
0.515152
0.477273
0.386364
0.515152
0.590909
0.454545
0.560606
0.651515
0.643939
0.704545
0.530303
0.356061
0.628788
0.416667
0.462121
0.560606
0.522727
0.553030
0.477273
0.583333
0.598485
0.598485
0.507576
0.545455
0.439394
0.386364
0.393939
0.643939
0.553030
0.583333
0.484848
0.545455
0.568182
0.348485
0.416667
0.462121
0.515152
0.590909
0.636364
0.454545
0.454545
0.537879
0.583333
0.439394
0.553030
0.568182
0.484848
0.553030
0.553030
0.606061
0.560606
0.386364
0.515152
0.606061
0.659091
0.492424
0.386364
0.386364
0.606061
0.606061
0.598485
0.590909
0.787879
0.515152
0.522727
0.469697
0.598485
0.560606
0.469697
0.681818
0.613636
0.583333
0.583333
0.515152
0.484848
0.545455
0.590909
0.545455
0.477273
0.719697
0.507576
0.553030
0.606061
0.545455
0.439394
0.606061
0.621212
0.522727
0.537879
0.500000
0.522727
0.553030
0.545455
0.507576
0.666667
0.613636
0.477273
0.575758
0.636364
0.477273
0.568182
0.545455
0.477273
0.522727
0.484848
0.598485
0.500000
0.598485
0.469697
0.659091
0.500000
0.530303
0.393939
0.590909
0.537879
0.545455
0.462121
0.515152
0.431818
0.454545
0.628788
0.416667
0.606061
0.416667
0.439394
0.393939
0.545455
0.598485
0.545455
0.651515
0.590909
0.545455
0.530303
0.666667
0.477273
0.575758
0.500000
0.545455
0.500000
0.575758
0.431818
0.598485
0.462121
0.674242
0.613636
0.568182
0.712121
0.462121
0.469697
0.386364
0.575758
0.568182
0.628788
0.545455
0.537879
0.492424
0.431818
0.409091
0.628788
0.628788
0.439394
0.477273
0.515152
0.265152
0.507576
0.575758
0.606061
0.515152
0.439394
0.303030
0.568182
0.560606
0.560606
0.666667
0.507576
0.439394
0.553030
0.583333
0.530303
0.598485
0.545455
0.651515
0.295455
0.674242
0.734848
0.613636
0.515152
0.568182
0.537879
0.393939
0.530303
0.477273
0.628788
0.598485
0.492424
0.416667
0.742424
0.462121
0.659091
0.507576
0.492424
0.545455
0.530303
0.583333
0.545455
0.575758
0.530303
0.575758
0.606061
0.575758
0.636364
0.507576
0.545455
0.590909
0.712121
0.560606
0.386364
0.537879
0.651515
0.439394
0.575758
0.545455
0.530303
0.522727
0.651515
0.568182
0.477273
0.537879
0.553030
0.636364
0.356061
0.446970
0.621212
0.553030
0.500000
0.553030
0.651515
0.575758
0.469697
0.492424
0.515152
0.424242
0.575758
0.492424
0.537879
0.469697
0.439394
0.371212
0.462121
0.409091
0.575758
0.575758
0.545455
0.606061
0.689394
0.522727
0.621212
0.477273
0.583333
0.507576
0.553030
0.204545
0.545455
0.560606
0.628788
0.530303
0.439394
0.446970
0.439394
0.484848
0.537879
0.462121
0.454545
0.590909
0.439394
0.568182
0.515152
0.363636
0.530303
0.674242
0.454545
0.628788
0.522727
0.560606
0.431818
0.462121
0.681818
0.484848
0.553030
0.666667
0.530303
0.568182
0.696970
0.598485
0.500000
0.492424
0.613636
0.500000
0.636364
0.484848
0.469697
0.651515
0.643939
0.522727
0.553030
0.659091
0.409091
0.621212
0.409091
0.598485
0.378788
0.643939
0.606061
0.636364
0.568182
0.477273
0.636364
0.507576
0.613636
0.462121
0.560606
0.522727
0.606061
0.590909
0.363636
0.515152
0.621212
0.575758
0.590909
0.659091
0.583333
0.446970
0.621212
0.583333
0.568182
0.560606
0.454545
0.500000
0.492424
0.500000
0.515152
0.606061
0.522727
0.500000
0.446970
0.446970
0.583333
0.606061
0.477273
0.363636
0.515152
0.537879
0.628788
0.742424
0.575758
0.537879
0.454545
0.583333
0.666667
0.492424
0.537879
0.492424
0.545455
0.378788
0.424242
0.484848
0.454545
0.515152
0.401515
0.583333
0.272727
0.515152
0.628788
0.477273
0.628788
0.606061
0.636364
0.446970
0.454545
0.651515
0.659091
0.651515
0.598485
0.553030
0.590909
0.469697
0.393939
0.553030
0.583333
0.613636
0.606061
0.522727
0.568182
0.378788
0.606061
0.590909
0.537879
0.416667
0.545455
0.462121
0.446970
0.522727
0.643939
0.454545
0.643939
0.628788
0.356061
0.462121
0.431818
0.696970
0.553030
0.492424
0.568182
0.492424
0.598485
0.530303
0.431818
0.583333
0.446970
0.462121
0.590909
0.545455
0.568182
0.522727
0.537879
0.333333
0.560606
0.515152
0.568182
0.568182
0.431818
0.537879
0.212121
0.583333
0.651515
0.325758
0.477273
0.560606
0.500000
0.545455
0.409091
0.537879
0.371212
0.545455
0.727273
0.575758
0.401515
0.530303
0.287879
0.598485
0.598485
0.446970
0.553030
0.674242
0.515152
0.734848
0.606061
0.537879
0.477273
0.530303
0.560606
0.560606
0.575758
0.530303
0.439394
0.492424
0.598485
0.446970
0.674242
0.606061
0.530303
0.500000
0.500000
0.704545
0.477273
0.621212
0.454545
0.522727
0.696970
0.575758
0.469697
0.590909
0.522727
0.575758
0.446970
0.583333
0.621212
0.553030
0.484848
0.431818
0.492424
0.530303
0.409091
0.719697
0.575758
0.522727
0.454545
0.621212
0.537879
0.522727
0.568182
0.530303
0.484848
0.500000
0.598485
0.492424
0.507576
0.621212
0.560606
0.643939
0.628788
0.621212
0.590909
0.628788
0.522727
0.469697
0.469697
0.454545
0.492424
0.515152
0.515152
0.606061
0.583333
0.462121
0.530303
0.590909
0.560606
0.340909
0.621212
0.401515
0.492424
0.643939
0.439394
0.613636
0.598485
0.424242
0.424242
0.280303
0.492424
0.636364
0.590909
0.477273
0.681818
0.492424
0.340909
0.454545
0.583333
0.477273
0.522727
0.537879
0.469697
0.712121
0.507576
0.446970
0.583333
0.393939
0.462121
0.462121
0.446970
0.613636
0.568182
0.439394
0.553030
0.750000
0.651515
0.469697
0.568182
0.310606
0.439394
0.553030
0.606061
0.643939
0.515152
0.386364
0.507576
0.606061
0.424242
0.583333
0.378788
0.583333
0.462121
0.507576
0.515152
0.530303
0.530303
0.621212
0.583333
0.477273
0.522727
0.522727
0.621212
0.492424
0.575758
0.659091
0.545455
0.666667
0.477273
0.643939
0.560606
0.515152
0.500000
0.537879
0.477273
0.727273
0.712121
0.628788
0.583333
0.560606
0.507576
0.469697
0.636364
0.583333
0.651515
0.598485
0.363636
0.507576
0.681818
0.659091
0.590909
0.560606
0.386364
0.636364
0.553030
0.674242
0.530303
0.378788
0.439394
0.492424
0.666667
0.386364
0.613636
0.401515
0.613636
0.477273
0.515152
0.659091
0.583333
0.613636
0.613636
0.500000
0.401515
0.560606
0.568182
0.757576
0.484848
0.409091
0.446970
0.545455
0.492424
0.431818
0.560606
0.477273
0.507576
0.530303
0.651515
0.553030
0.689394
0.568182
0.553030
0.439394
0.553030
0.598485
0.522727
0.659091
0.621212
0.446970
0.590909
0.537879
0.553030
0.583333
0.340909
0.613636
0.507576
0.575758
0.462121
0.636364
0.477273
0.606061
0.560606
0.454545
0.462121
0.628788
0.378788
0.659091
0.492424
0.643939
0.462121
0.507576
0.515152
0.416667
0.560606
0.659091
0.500000
0.606061
0.643939
0.530303
0.454545
0.507576
0.575758
0.636364
0.507576
0.446970
0.515152
0.522727
0.416667
0.659091
0.393939
0.500000
0.409091
0.522727
0.568182
0.681818
0.393939
0.469697
0.477273
0.575758
0.424242
0.659091
0.477273
0.515152
0.666667
0.522727
0.636364
0.333333
0.530303
0.507576
0.651515
0.515152
0.553030
0.522727
0.409091
0.643939
0.568182
0.530303
0.590909
0.462121
0.628788
0.446970
0.598485
0.484848
0.522727
0.606061
0.545455
0.530303
0.628788
0.522727
0.378788
0.575758
0.545455
0.416667
0.446970
0.606061
0.469697
0.537879
0.318182
0.568182
0.500000
0.492424
0.431818
0.590909
0.704545
0.666667
0.500000
0.545455
0.636364
0.363636
0.628788
0.636364
0.704545
0.568182
0.424242
0.431818
0.537879
0.651515
0.575758
0.613636
0.500000
0.636364
0.333333
0.462121
0.560606
0.507576
0.575758
0.553030
0.522727
0.590909
0.462121
0.537879
0.628788
0.575758
0.401515
0.484848
0.363636
0.575758
0.348485
0.598485
0.689394
0.500000
0.636364
0.371212
0.378788
0.462121
0.598485
0.424242
0.545455
0.545455
0.409091
0.545455
0.659091
0.666667
0.446970
0.651515
0.530303
0.545455
0.484848
0.484848
0.719697
0.621212
0.606061
0.439394
0.454545
0.348485
0.606061
0.454545
0.522727
0.462121
0.606061
0.636364
0.598485
0.515152
0.590909
0.659091
0.613636
0.590909
0.431818
0.484848
0.568182
0.560606
0.522727
0.378788
0.469697
0.507576
0.560606
0.454545
0.553030
0.477273
0.666667
0.636364
0.507576
0.507576
0.492424
0.537879
0.560606
0.515152
0.310606
0.492424
0.545455
0.409091
0.643939
0.545455
0.553030
0.560606
0.469697
0.628788
0.446970
0.462121
0.598485
0.553030
0.484848
0.515152
0.590909
0.643939
0.590909
0.659091
0.515152
0.484848
0.537879
0.613636
0.272727
0.500000
0.666667
0.492424
0.446970
0.507576
0.568182
0.560606
0.590909
0.704545
0.537879
0.621212
0.575758
0.500000
0.492424
0.522727
-------
-------
*******
